 t(days)  x(AU)      y(AU)      z(AU) vx(KPS) vy(KPS) vz(KPS)
 -------------------------------------------------------
  0.00  0.9832898  0.0000000  0.0000000   0.000000  30.283429   0.000000
  0.04  0.9832895  0.0007288  0.0000000  -0.022083  30.283421   0.000000
  0.08  0.9832887  0.0014575  0.0000000  -0.044167  30.283396   0.000000
  0.12  0.9832874  0.0021863  0.0000000  -0.066250  30.283355   0.000000
  0.17  0.9832855  0.0029150  0.0000000  -0.088334  30.283298   0.000000
  0.21  0.9832831  0.0036438  0.0000000  -0.110417  30.283224   0.000000
  0.25  0.9832802  0.0043725  0.0000000  -0.132500  30.283134   0.000000
  0.29  0.9832768  0.0051013  0.0000000  -0.154583  30.283028   0.000000
  0.33  0.9832728  0.0058300  0.0000000  -0.176666  30.282905   0.000000
  0.38  0.9832683  0.0065588  0.0000000  -0.198749  30.282766   0.000000
  0.42  0.9832632  0.0072875  0.0000000  -0.220832  30.282611   0.000000
  0.46  0.9832576  0.0080162  0.0000000  -0.242915  30.282439   0.000000
  0.50  0.9832515  0.0087450  0.0000000  -0.264997  30.282251   0.000000
  0.54  0.9832449  0.0094737  0.0000000  -0.287080  30.282046   0.000000
  0.58  0.9832377  0.0102024  0.0000000  -0.309162  30.281825   0.000000
  0.62  0.9832300  0.0109311  0.0000000  -0.331244  30.281588   0.000000
  0.67  0.9832218  0.0116598  0.0000000  -0.353326  30.281334   0.000000
  0.71  0.9832130  0.0123885  0.0000000  -0.375408  30.281064   0.000000
  0.75  0.9832037  0.0131172  0.0000000  -0.397489  30.280778   0.000000
  0.79  0.9831939  0.0138459  0.0000000  -0.419571  30.280475   0.000000
  0.83  0.9831835  0.0145746  0.0000000  -0.441652  30.280156   0.000000
  0.88  0.9831726  0.0153033  0.0000000  -0.463733  30.279820   0.000000
  0.92  0.9831612  0.0160319  0.0000000  -0.485813  30.279468   0.000000
  0.96  0.9831492  0.0167606  0.0000000  -0.507893  30.279100   0.000000
  1.00  0.9831367  0.0174892  0.0000000  -0.529973  30.278715   0.000000
  1.04  0.9831237  0.0182179  0.0000000  -0.552053  30.278315   0.000000
  1.08  0.9831102  0.0189465  0.0000000  -0.574132  30.277897   0.000000
  1.12  0.9830961  0.0196751  0.0000000  -0.596211  30.277463   0.000000
  1.17  0.9830815  0.0204037  0.0000000  -0.618290  30.277013   0.000000
  1.21  0.9830663  0.0211323  0.0000000  -0.640368  30.276547   0.000000
  1.25  0.9830506  0.0218609  0.0000000  -0.662446  30.276064   0.000000
  1.29  0.9830344  0.0225895  0.0000000  -0.684524  30.275565   0.000000
  1.33  0.9830177  0.0233180  0.0000000  -0.706601  30.275050   0.000000
  1.38  0.9830004  0.0240466  0.0000000  -0.728678  30.274518   0.000000
  1.42  0.9829826  0.0247751  0.0000000  -0.750754  30.273970   0.000000
  1.46  0.9829643  0.0255036  0.0000000  -0.772830  30.273405   0.000000
  1.50  0.9829454  0.0262322  0.0000000  -0.794906  30.272824   0.000000
  1.54  0.9829260  0.0269606  0.0000000  -0.816981  30.272227   0.000000
  1.58  0.9829061  0.0276891  0.0000000  -0.839056  30.271613   0.000000
  1.62  0.9828857  0.0284176  0.0000000  -0.861130  30.270983   0.000000
  1.67  0.9828647  0.0291460  0.0000000  -0.883203  30.270337   0.000000
  1.71  0.9828432  0.0298745  0.0000000  -0.905276  30.269674   0.000000
  1.75  0.9828211  0.0306029  0.0000000  -0.927349  30.268995   0.000000
  1.79  0.9827985  0.0313313  0.0000000  -0.949421  30.268299   0.000000
  1.83  0.9827754  0.0320597  0.0000000  -0.971493  30.267587   0.000000
  1.88  0.9827518  0.0327880  0.0000000  -0.993564  30.266859   0.000000
  1.92  0.9827276  0.0335164  0.0000000  -1.015634  30.266115   0.000000
  1.96  0.9827029  0.0342447  0.0000000  -1.037704  30.265354   0.000000
  2.00  0.9826776  0.0349730  0.0000000  -1.059773  30.264577   0.000000
  2.04  0.9826519  0.0357013  0.0000000  -1.081842  30.263783   0.000000
  2.08  0.9826256  0.0364296  0.0000000  -1.103910  30.262973   0.000000
  2.12  0.9825987  0.0371578  0.0000000  -1.125978  30.262147   0.000000
  2.17  0.9825714  0.0378861  0.0000000  -1.148045  30.261304   0.000000
  2.21  0.9825435  0.0386143  0.0000000  -1.170111  30.260445   0.000000
  2.25  0.9825151  0.0393425  0.0000000  -1.192176  30.259570   0.000000
  2.29  0.9824861  0.0400707  0.0000000  -1.214241  30.258678   0.000000
  2.33  0.9824566  0.0407988  0.0000000  -1.236305  30.257770   0.000000
  2.38  0.9824266  0.0415269  0.0000000  -1.258369  30.256845   0.000000
  2.42  0.9823961  0.0422550  0.0000000  -1.280431  30.255905   0.000000
  2.46  0.9823650  0.0429831  0.0000000  -1.302493  30.254948   0.000000
  2.50  0.9823334  0.0437112  0.0000000  -1.324555  30.253974   0.000000
  2.54  0.9823012  0.0444392  0.0000000  -1.346615  30.252984   0.000000
  2.58  0.9822686  0.0451672  0.0000000  -1.368675  30.251978   0.000000
  2.62  0.9822354  0.0458952  0.0000000  -1.390734  30.250956   0.000000
  2.67  0.9822016  0.0466232  0.0000000  -1.412792  30.249917   0.000000
  2.71  0.9821674  0.0473511  0.0000000  -1.434849  30.248862   0.000000
  2.75  0.9821326  0.0480790  0.0000000  -1.456906  30.247790   0.000000
  2.79  0.9820972  0.0488069  0.0000000  -1.478962  30.246702   0.000000
  2.83  0.9820614  0.0495348  0.0000000  -1.501017  30.245598   0.000000
  2.88  0.9820250  0.0502626  0.0000000  -1.523071  30.244477   0.000000
  2.92  0.9819881  0.0509904  0.0000000  -1.545124  30.243340   0.000000
  2.96  0.9819506  0.0517182  0.0000000  -1.567176  30.242187   0.000000
  3.00  0.9819127  0.0524459  0.0000000  -1.589228  30.241017   0.000000
  3.04  0.9818741  0.0531737  0.0000000  -1.611278  30.239831   0.000000
  3.08  0.9818351  0.0539013  0.0000000  -1.633328  30.238629   0.000000
  3.12  0.9817955  0.0546290  0.0000000  -1.655376  30.237411   0.000000
  3.17  0.9817554  0.0553566  0.0000000  -1.677424  30.236176   0.000000
  3.21  0.9817148  0.0560842  0.0000000  -1.699471  30.234924   0.000000
  3.25  0.9816736  0.0568118  0.0000000  -1.721517  30.233657   0.000000
  3.29  0.9816320  0.0575394  0.0000000  -1.743562  30.232373   0.000000
  3.33  0.9815897  0.0582669  0.0000000  -1.765606  30.231072   0.000000
