 t(days)  x(AU)      y(AU)      z(AU)     vx(KPS)   vy(KPS)     vz(KPS)
 ------------------------------------------------------------------------
  0.00  0.9832898  0.0000000  0.0000000   0.000000  30.283429   0.000000
  0.04  0.9832895  0.0007288  0.0000000  -0.022077  30.283421   0.000000
  0.08  0.9832887  0.0014575  0.0000000  -0.044154  30.283396   0.000000
  0.12  0.9832874  0.0021863  0.0000000  -0.066230  30.283355   0.000000
  0.17  0.9832855  0.0029150  0.0000000  -0.088307  30.283298   0.000000
  0.21  0.9832831  0.0036438  0.0000000  -0.110384  30.283224   0.000000
  0.25  0.9832802  0.0043725  0.0000000  -0.132460  30.283134   0.000000
  0.29  0.9832768  0.0051013  0.0000000  -0.154537  30.283028   0.000000
  0.33  0.9832728  0.0058300  0.0000000  -0.176613  30.282905   0.000000
  0.38  0.9832683  0.0065588  0.0000000  -0.198690  30.282766   0.000000
  0.42  0.9832632  0.0072875  0.0000000  -0.220766  30.282611   0.000000
  0.46  0.9832576  0.0080162  0.0000000  -0.242842  30.282439   0.000000
  0.50  0.9832515  0.0087450  0.0000000  -0.264918  30.282251   0.000000
  0.54  0.9832449  0.0094737  0.0000000  -0.286994  30.282046   0.000000
  0.58  0.9832377  0.0102024  0.0000000  -0.309070  30.281826   0.000000
  0.62  0.9832300  0.0109311  0.0000000  -0.331145  30.281588   0.000000
  0.67  0.9832218  0.0116598  0.0000000  -0.353220  30.281335   0.000000
  0.71  0.9832130  0.0123885  0.0000000  -0.375295  30.281065   0.000000
  0.75  0.9832037  0.0131172  0.0000000  -0.397370  30.280778   0.000000
  0.79  0.9831939  0.0138459  0.0000000  -0.419445  30.280476   0.000000
  0.83  0.9831835  0.0145746  0.0000000  -0.441519  30.280157   0.000000
  0.88  0.9831726  0.0153033  0.0000000  -0.463594  30.279821   0.000000
  0.92  0.9831612  0.0160319  0.0000000  -0.485667  30.279469   0.000000
  0.96  0.9831493  0.0167606  0.0000000  -0.507741  30.279101   0.000000
  1.00  0.9831368  0.0174892  0.0000000  -0.529814  30.278717   0.000000
  1.04  0.9831238  0.0182179  0.0000000  -0.551887  30.278316   0.000000
  1.08  0.9831102  0.0189465  0.0000000  -0.573960  30.277899   0.000000
  1.12  0.9830961  0.0196751  0.0000000  -0.596033  30.277465   0.000000
  1.17  0.9830815  0.0204037  0.0000000  -0.618105  30.277015   0.000000
  1.21  0.9830664  0.0211323  0.0000000  -0.640176  30.276549   0.000000
  1.25  0.9830507  0.0218609  0.0000000  -0.662248  30.276066   0.000000
  1.29  0.9830345  0.0225895  0.0000000  -0.684319  30.275567   0.000000
  1.33  0.9830178  0.0233180  0.0000000  -0.706389  30.275052   0.000000
  1.38  0.9830005  0.0240466  0.0000000  -0.728459  30.274520   0.000000
  1.42  0.9829827  0.0247751  0.0000000  -0.750529  30.273972   0.000000
  1.46  0.9829644  0.0255036  0.0000000  -0.772599  30.273408   0.000000
  1.50  0.9829455  0.0262322  0.0000000  -0.794668  30.272827   0.000000
  1.54  0.9829262  0.0269606  0.0000000  -0.816736  30.272230   0.000000
  1.58  0.9829062  0.0276891  0.0000000  -0.838804  30.271616   0.000000
  1.62  0.9828858  0.0284176  0.0000000  -0.860872  30.270987   0.000000
  1.67  0.9828648  0.0291460  0.0000000  -0.882939  30.270340   0.000000
  1.71  0.9828433  0.0298745  0.0000000  -0.905005  30.269678   0.000000
  1.75  0.9828212  0.0306029  0.0000000  -0.927071  30.268999   0.000000
  1.79  0.9827987  0.0313313  0.0000000  -0.949137  30.268304   0.000000
  1.83  0.9827756  0.0320597  0.0000000  -0.971202  30.267592   0.000000
  1.88  0.9827519  0.0327880  0.0000000  -0.993266  30.266864   0.000000
  1.92  0.9827278  0.0335164  0.0000000  -1.015330  30.266120   0.000000
  1.96  0.9827031  0.0342447  0.0000000  -1.037393  30.265359   0.000000
  2.00  0.9826778  0.0349730  0.0000000  -1.059456  30.264582   0.000000
  2.04  0.9826521  0.0357013  0.0000000  -1.081518  30.263789   0.000000
  2.08  0.9826258  0.0364296  0.0000000  -1.103579  30.262979   0.000000
  2.12  0.9825990  0.0371579  0.0000000  -1.125640  30.262153   0.000000
  2.17  0.9825716  0.0378861  0.0000000  -1.147700  30.261311   0.000000
  2.21  0.9825437  0.0386143  0.0000000  -1.169760  30.260452   0.000000
  2.25  0.9825153  0.0393425  0.0000000  -1.191819  30.259577   0.000000
  2.29  0.9824864  0.0400707  0.0000000  -1.213877  30.258685   0.000000
  2.33  0.9824569  0.0407988  0.0000000  -1.235934  30.257778   0.000000
  2.38  0.9824269  0.0415269  0.0000000  -1.257991  30.256853   0.000000
  2.42  0.9823963  0.0422550  0.0000000  -1.280047  30.255913   0.000000
  2.46  0.9823653  0.0429831  0.0000000  -1.302103  30.254956   0.000000
  2.50  0.9823337  0.0437112  0.0000000  -1.324157  30.253983   0.000000
  2.54  0.9823015  0.0444392  0.0000000  -1.346211  30.252993   0.000000
  2.58  0.9822689  0.0451672  0.0000000  -1.368264  30.251987   0.000000
  2.62  0.9822357  0.0458952  0.0000000  -1.390317  30.250965   0.000000
  2.67  0.9822020  0.0466232  0.0000000  -1.412368  30.249927   0.000000
  2.71  0.9821677  0.0473511  0.0000000  -1.434419  30.248872   0.000000
  2.75  0.9821329  0.0480790  0.0000000  -1.456469  30.247801   0.000000
  2.79  0.9820976  0.0488069  0.0000000  -1.478518  30.246713   0.000000
  2.83  0.9820618  0.0495348  0.0000000  -1.500566  30.245609   0.000000
  2.88  0.9820254  0.0502626  0.0000000  -1.522614  30.244489   0.000000
  2.92  0.9819885  0.0509904  0.0000000  -1.544660  30.243352   0.000000
  2.96  0.9819510  0.0517182  0.0000000  -1.566706  30.242199   0.000000
  3.00  0.9819131  0.0524459  0.0000000  -1.588751  30.241030   0.000000
  3.04  0.9818746  0.0531737  0.0000000  -1.610795  30.239844   0.000000
  3.08  0.9818355  0.0539014  0.0000000  -1.632838  30.238642   0.000000
  3.12  0.9817960  0.0546290  0.0000000  -1.654880  30.237424   0.000000
  3.17  0.9817559  0.0553567  0.0000000  -1.676921  30.236190   0.000000
  3.21  0.9817153  0.0560843  0.0000000  -1.698961  30.234939   0.000000
  3.25  0.9816741  0.0568118  0.0000000  -1.721000  30.233671   0.000000
  3.29  0.9816324  0.0575394  0.0000000  -1.743039  30.232388   0.000000
  3.33  0.9815902  0.0582669  0.0000000  -1.765076  30.231088   0.000000
  3.38  0.9815475  0.0589944  0.0000000  -1.787112  30.229772   0.000000
  3.42  0.9815042  0.0597218  0.0000000  -1.809147  30.228439   0.000000
  3.46  0.9814604  0.0604492  0.0000000  -1.831181  30.227090   0.000000
  3.50  0.9814161  0.0611766  0.0000000  -1.853215  30.225725   0.000000
  3.54  0.9813712  0.0619040  0.0000000  -1.875247  30.224343   0.000000
  3.58  0.9813258  0.0626313  0.0000000  -1.897278  30.222945   0.000000
  3.62  0.9812799  0.0633586  0.0000000  -1.919308  30.221531   0.000000
  3.67  0.9812335  0.0640858  0.0000000  -1.941337  30.220101   0.000000
  3.71  0.9811865  0.0648130  0.0000000  -1.963364  30.218654   0.000000
  3.75  0.9811390  0.0655402  0.0000000  -1.985391  30.217191   0.000000
  3.79  0.9810909  0.0662674  0.0000000  -2.007417  30.215711   0.000000
  3.83  0.9810424  0.0669945  0.0000000  -2.029441  30.214215   0.000000
  3.88  0.9809933  0.0677215  0.0000000  -2.051464  30.212703   0.000000
  3.92  0.9809436  0.0684486  0.0000000  -2.073486  30.211175   0.000000
  3.96  0.9808935  0.0691756  0.0000000  -2.095507  30.209630   0.000000
  4.00  0.9808428  0.0699025  0.0000000  -2.117527  30.208069   0.000000
  4.04  0.9807915  0.0706295  0.0000000  -2.139546  30.206491   0.000000
  4.08  0.9807398  0.0713563  0.0000000  -2.161563  30.204898   0.000000
  4.12  0.9806875  0.0720832  0.0000000  -2.183579  30.203288   0.000000
  4.17  0.9806347  0.0728100  0.0000000  -2.205594  30.201661   0.000000
  4.21  0.9805814  0.0735368  0.0000000  -2.227607  30.200019   0.000000
  4.25  0.9805275  0.0742635  0.0000000  -2.249620  30.198360   0.000000
  4.29  0.9804731  0.0749902  0.0000000  -2.271631  30.196684   0.000000
  4.33  0.9804182  0.0757168  0.0000000  -2.293641  30.194993   0.000000
  4.38  0.9803627  0.0764434  0.0000000  -2.315649  30.193285   0.000000
  4.42  0.9803067  0.0771700  0.0000000  -2.337656  30.191561   0.000000
  4.46  0.9802502  0.0778965  0.0000000  -2.359662  30.189820   0.000000
  4.50  0.9801931  0.0786230  0.0000000  -2.381666  30.188063   0.000000
  4.54  0.9801356  0.0793494  0.0000000  -2.403670  30.186290   0.000000
  4.58  0.9800774  0.0800758  0.0000000  -2.425671  30.184501   0.000000
  4.62  0.9800188  0.0808022  0.0000000  -2.447672  30.182695   0.000000
  4.67  0.9799596  0.0815285  0.0000000  -2.469671  30.180873   0.000000
  4.71  0.9798999  0.0822548  0.0000000  -2.491668  30.179035   0.000000
  4.75  0.9798397  0.0829810  0.0000000  -2.513665  30.177180   0.000000
  4.79  0.9797790  0.0837072  0.0000000  -2.535659  30.175309   0.000000
  4.83  0.9797177  0.0844333  0.0000000  -2.557653  30.173422   0.000000
  4.88  0.9796559  0.0851594  0.0000000  -2.579645  30.171518   0.000000
  4.92  0.9795935  0.0858854  0.0000000  -2.601635  30.169599   0.000000
  4.96  0.9795307  0.0866114  0.0000000  -2.623624  30.167663   0.000000
  5.00  0.9794673  0.0873374  0.0000000  -2.645611  30.165710   0.000000
  5.04  0.9794033  0.0880633  0.0000000  -2.667597  30.163741   0.000000
  5.08  0.9793389  0.0887891  0.0000000  -2.689582  30.161757   0.000000
  5.12  0.9792739  0.0895149  0.0000000  -2.711565  30.159755   0.000000
  5.17  0.9792084  0.0902407  0.0000000  -2.733546  30.157738   0.000000
  5.21  0.9791423  0.0909664  0.0000000  -2.755526  30.155704   0.000000
  5.25  0.9790757  0.0916920  0.0000000  -2.777504  30.153654   0.000000
  5.29  0.9790086  0.0924177  0.0000000  -2.799481  30.151587   0.000000
  5.33  0.9789410  0.0931432  0.0000000  -2.821456  30.149505   0.000000
  5.38  0.9788728  0.0938687  0.0000000  -2.843430  30.147406   0.000000
  5.42  0.9788042  0.0945942  0.0000000  -2.865401  30.145291   0.000000
  5.46  0.9787349  0.0953196  0.0000000  -2.887372  30.143159   0.000000
  5.50  0.9786652  0.0960449  0.0000000  -2.909340  30.141011   0.000000
  5.54  0.9785949  0.0967702  0.0000000  -2.931307  30.138847   0.000000
  5.58  0.9785241  0.0974955  0.0000000  -2.953273  30.136667   0.000000
  5.62  0.9784528  0.0982207  0.0000000  -2.975236  30.134471   0.000000
  5.67  0.9783809  0.0989458  0.0000000  -2.997198  30.132258   0.000000
  5.71  0.9783085  0.0996709  0.0000000  -3.019159  30.130029   0.000000
  5.75  0.9782356  0.1003960  0.0000000  -3.041117  30.127783   0.000000
  5.79  0.9781622  0.1011209  0.0000000  -3.063074  30.125522   0.000000
  5.83  0.9780882  0.1018459  0.0000000  -3.085029  30.123244   0.000000
  5.88  0.9780137  0.1025707  0.0000000  -3.106982  30.120949   0.000000
  5.92  0.9779386  0.1032956  0.0000000  -3.128934  30.118639   0.000000
  5.96  0.9778631  0.1040203  0.0000000  -3.150884  30.116312   0.000000
  6.00  0.9777870  0.1047450  0.0000000  -3.172832  30.113969   0.000000
  6.04  0.9777104  0.1054697  0.0000000  -3.194778  30.111610   0.000000
  6.08  0.9776332  0.1061943  0.0000000  -3.216722  30.109235   0.000000
  6.12  0.9775556  0.1069188  0.0000000  -3.238665  30.106843   0.000000
  6.17  0.9774774  0.1076433  0.0000000  -3.260606  30.104435   0.000000
  6.21  0.9773986  0.1083677  0.0000000  -3.282545  30.102011   0.000000
  6.25  0.9773194  0.1090921  0.0000000  -3.304482  30.099570   0.000000
  6.29  0.9772396  0.1098164  0.0000000  -3.326417  30.097114   0.000000
  6.33  0.9771593  0.1105406  0.0000000  -3.348350  30.094641   0.000000
  6.38  0.9770784  0.1112648  0.0000000  -3.370281  30.092151   0.000000
  6.42  0.9769971  0.1119889  0.0000000  -3.392211  30.089646   0.000000
  6.46  0.9769152  0.1127130  0.0000000  -3.414138  30.087124   0.000000
  6.50  0.9768327  0.1134370  0.0000000  -3.436064  30.084586   0.000000
  6.54  0.9767498  0.1141609  0.0000000  -3.457988  30.082032   0.000000
  6.58  0.9766663  0.1148848  0.0000000  -3.479909  30.079462   0.000000
  6.62  0.9765823  0.1156086  0.0000000  -3.501829  30.076875   0.000000
  6.67  0.9764978  0.1163324  0.0000000  -3.523747  30.074272   0.000000
  6.71  0.9764127  0.1170561  0.0000000  -3.545663  30.071653   0.000000
  6.75  0.9763271  0.1177797  0.0000000  -3.567576  30.069018   0.000000
  6.79  0.9762410  0.1185033  0.0000000  -3.589488  30.066366   0.000000
  6.83  0.9761544  0.1192268  0.0000000  -3.611398  30.063698   0.000000
  6.88  0.9760672  0.1199502  0.0000000  -3.633305  30.061014   0.000000
  6.92  0.9759795  0.1206736  0.0000000  -3.655211  30.058314   0.000000
  6.96  0.9758913  0.1213969  0.0000000  -3.677114  30.055598   0.000000
  7.00  0.9758025  0.1221201  0.0000000  -3.699016  30.052865   0.000000
  7.04  0.9757133  0.1228433  0.0000000  -3.720915  30.050116   0.000000
  7.08  0.9756234  0.1235664  0.0000000  -3.742812  30.047351   0.000000
  7.12  0.9755331  0.1242894  0.0000000  -3.764708  30.044570   0.000000
  7.17  0.9754423  0.1250124  0.0000000  -3.786600  30.041772   0.000000
  7.21  0.9753509  0.1257353  0.0000000  -3.808491  30.038958   0.000000
  7.25  0.9752590  0.1264582  0.0000000  -3.830380  30.036128   0.000000
  7.29  0.9751665  0.1271809  0.0000000  -3.852266  30.033282   0.000000
  7.33  0.9750735  0.1279036  0.0000000  -3.874151  30.030420   0.000000
  7.38  0.9749801  0.1286263  0.0000000  -3.896033  30.027541   0.000000
  7.42  0.9748860  0.1293488  0.0000000  -3.917913  30.024646   0.000000
  7.46  0.9747915  0.1300713  0.0000000  -3.939790  30.021735   0.000000
  7.50  0.9746964  0.1307937  0.0000000  -3.961666  30.018808   0.000000
  7.54  0.9746008  0.1315161  0.0000000  -3.983539  30.015865   0.000000
  7.58  0.9745047  0.1322384  0.0000000  -4.005410  30.012905   0.000000
  7.62  0.9744080  0.1329606  0.0000000  -4.027279  30.009929   0.000000
  7.67  0.9743109  0.1336827  0.0000000  -4.049145  30.006937   0.000000
  7.71  0.9742132  0.1344048  0.0000000  -4.071009  30.003929   0.000000
  7.75  0.9741149  0.1351268  0.0000000  -4.092871  30.000905   0.000000
  7.79  0.9740162  0.1358487  0.0000000  -4.114730  29.997864   0.000000
  7.83  0.9739169  0.1365706  0.0000000  -4.136587  29.994807   0.000000
  7.88  0.9738171  0.1372923  0.0000000  -4.158442  29.991735   0.000000
  7.92  0.9737168  0.1380140  0.0000000  -4.180295  29.988645   0.000000
  7.96  0.9736159  0.1387357  0.0000000  -4.202145  29.985540   0.000000
  8.00  0.9735145  0.1394572  0.0000000  -4.223992  29.982419   0.000000
  8.04  0.9734126  0.1401787  0.0000000  -4.245838  29.979281   0.000000
  8.08  0.9733102  0.1409001  0.0000000  -4.267680  29.976127   0.000000
  8.12  0.9732072  0.1416214  0.0000000  -4.289521  29.972957   0.000000
  8.17  0.9731037  0.1423426  0.0000000  -4.311359  29.969771   0.000000
  8.21  0.9729997  0.1430638  0.0000000  -4.333195  29.966569   0.000000
  8.25  0.9728952  0.1437849  0.0000000  -4.355028  29.963350   0.000000
  8.29  0.9727901  0.1445059  0.0000000  -4.376858  29.960116   0.000000
  8.33  0.9726845  0.1452269  0.0000000  -4.398687  29.956865   0.000000
  8.38  0.9725784  0.1459477  0.0000000  -4.420512  29.953598   0.000000
  8.42  0.9724717  0.1466685  0.0000000  -4.442335  29.950315   0.000000
  8.46  0.9723646  0.1473892  0.0000000  -4.464156  29.947016   0.000000
  8.50  0.9722569  0.1481098  0.0000000  -4.485974  29.943700   0.000000
  8.54  0.9721487  0.1488304  0.0000000  -4.507790  29.940369   0.000000
  8.58  0.9720399  0.1495508  0.0000000  -4.529603  29.937021   0.000000
  8.62  0.9719307  0.1502712  0.0000000  -4.551413  29.933657   0.000000
  8.67  0.9718209  0.1509915  0.0000000  -4.573221  29.930277   0.000000
  8.71  0.9717106  0.1517117  0.0000000  -4.595026  29.926881   0.000000
  8.75  0.9715997  0.1524318  0.0000000  -4.616829  29.923468   0.000000
  8.79  0.9714884  0.1531519  0.0000000  -4.638629  29.920040   0.000000
  8.83  0.9713765  0.1538719  0.0000000  -4.660427  29.916595   0.000000
  8.88  0.9712641  0.1545918  0.0000000  -4.682221  29.913135   0.000000
  8.92  0.9711511  0.1553116  0.0000000  -4.704014  29.909658   0.000000
  8.96  0.9710377  0.1560313  0.0000000  -4.725803  29.906165   0.000000
  9.00  0.9709237  0.1567509  0.0000000  -4.747590  29.902656   0.000000
  9.04  0.9708092  0.1574705  0.0000000  -4.769374  29.899131   0.000000
  9.08  0.9706941  0.1581899  0.0000000  -4.791156  29.895589   0.000000
  9.12  0.9705786  0.1589093  0.0000000  -4.812934  29.892032   0.000000
  9.17  0.9704625  0.1596286  0.0000000  -4.834710  29.888458   0.000000
  9.21  0.9703459  0.1603478  0.0000000  -4.856483  29.884868   0.000000
  9.25  0.9702288  0.1610669  0.0000000  -4.878254  29.881263   0.000000
  9.29  0.9701111  0.1617860  0.0000000  -4.900022  29.877641   0.000000
  9.33  0.9699929  0.1625049  0.0000000  -4.921787  29.874003   0.000000
  9.38  0.9698742  0.1632238  0.0000000  -4.943549  29.870348   0.000000
  9.42  0.9697550  0.1639425  0.0000000  -4.965308  29.866678   0.000000
  9.46  0.9696352  0.1646612  0.0000000  -4.987065  29.862992   0.000000
  9.50  0.9695150  0.1653798  0.0000000  -5.008818  29.859289   0.000000
  9.54  0.9693942  0.1660983  0.0000000  -5.030569  29.855571   0.000000
  9.58  0.9692728  0.1668167  0.0000000  -5.052317  29.851836   0.000000
  9.62  0.9691510  0.1675351  0.0000000  -5.074063  29.848085   0.000000
  9.67  0.9690286  0.1682533  0.0000000  -5.095805  29.844319   0.000000
  9.71  0.9689058  0.1689714  0.0000000  -5.117544  29.840536   0.000000
  9.75  0.9687823  0.1696895  0.0000000  -5.139281  29.836737   0.000000
  9.79  0.9686584  0.1704075  0.0000000  -5.161014  29.832921   0.000000
  9.83  0.9685339  0.1711253  0.0000000  -5.182745  29.829090   0.000000
  9.88  0.9684090  0.1718431  0.0000000  -5.204473  29.825243   0.000000
  9.92  0.9682835  0.1725608  0.0000000  -5.226198  29.821380   0.000000
  9.96  0.9681574  0.1732784  0.0000000  -5.247919  29.817500   0.000000
 10.00  0.9680309  0.1739959  0.0000000  -5.269638  29.813605   0.000000
 10.04  0.9679038  0.1747133  0.0000000  -5.291354  29.809693   0.000000
 10.08  0.9677762  0.1754306  0.0000000  -5.313067  29.805766   0.000000
 10.12  0.9676481  0.1761478  0.0000000  -5.334777  29.801822   0.000000
 10.17  0.9675195  0.1768649  0.0000000  -5.356484  29.797862   0.000000
 10.21  0.9673903  0.1775819  0.0000000  -5.378188  29.793886   0.000000
 10.25  0.9672606  0.1782989  0.0000000  -5.399888  29.789894   0.000000
 10.29  0.9671304  0.1790157  0.0000000  -5.421586  29.785886   0.000000
 10.33  0.9669997  0.1797324  0.0000000  -5.443281  29.781862   0.000000
 10.38  0.9668684  0.1804491  0.0000000  -5.464972  29.777822   0.000000
 10.42  0.9667366  0.1811656  0.0000000  -5.486661  29.773766   0.000000
 10.46  0.9666044  0.1818821  0.0000000  -5.508346  29.769694   0.000000
 10.50  0.9664715  0.1825984  0.0000000  -5.530028  29.765606   0.000000
 10.54  0.9663382  0.1833146  0.0000000  -5.551707  29.761502   0.000000
 10.58  0.9662043  0.1840308  0.0000000  -5.573383  29.757381   0.000000
 10.62  0.9660700  0.1847468  0.0000000  -5.595056  29.753245   0.000000
 10.67  0.9659351  0.1854628  0.0000000  -5.616726  29.749093   0.000000
 10.71  0.9657996  0.1861786  0.0000000  -5.638392  29.744924   0.000000
 10.75  0.9656637  0.1868944  0.0000000  -5.660056  29.740740   0.000000
 10.79  0.9655272  0.1876100  0.0000000  -5.681716  29.736540   0.000000
 10.83  0.9653902  0.1883256  0.0000000  -5.703372  29.732323   0.000000
 10.88  0.9652527  0.1890410  0.0000000  -5.725026  29.728091   0.000000
 10.92  0.9651147  0.1897564  0.0000000  -5.746676  29.723842   0.000000
 10.96  0.9649761  0.1904716  0.0000000  -5.768324  29.719578   0.000000
 11.00  0.9648371  0.1911867  0.0000000  -5.789967  29.715297   0.000000
 11.04  0.9646975  0.1919018  0.0000000  -5.811608  29.711001   0.000000
 11.08  0.9645574  0.1926167  0.0000000  -5.833245  29.706688   0.000000
 11.12  0.9644167  0.1933315  0.0000000  -5.854879  29.702360   0.000000
 11.17  0.9642756  0.1940462  0.0000000  -5.876510  29.698015   0.000000
 11.21  0.9641339  0.1947608  0.0000000  -5.898137  29.693655   0.000000
 11.25  0.9639917  0.1954754  0.0000000  -5.919761  29.689278   0.000000
 11.29  0.9638490  0.1961898  0.0000000  -5.941382  29.684886   0.000000
 11.33  0.9637057  0.1969041  0.0000000  -5.962999  29.680477   0.000000
 11.38  0.9635620  0.1976183  0.0000000  -5.984613  29.676053   0.000000
 11.42  0.9634177  0.1983323  0.0000000  -6.006224  29.671612   0.000000
 11.46  0.9632729  0.1990463  0.0000000  -6.027831  29.667156   0.000000
 11.50  0.9631276  0.1997602  0.0000000  -6.049434  29.662683   0.000000
 11.54  0.9629818  0.2004740  0.0000000  -6.071035  29.658195   0.000000
 11.58  0.9628354  0.2011876  0.0000000  -6.092631  29.653690   0.000000
 11.62  0.9626885  0.2019012  0.0000000  -6.114225  29.649170   0.000000
 11.67  0.9625411  0.2026146  0.0000000  -6.135815  29.644634   0.000000
 11.71  0.9623932  0.2033279  0.0000000  -6.157401  29.640081   0.000000
 11.75  0.9622448  0.2040411  0.0000000  -6.178984  29.635513   0.000000
 11.79  0.9620958  0.2047543  0.0000000  -6.200564  29.630929   0.000000
 11.83  0.9619464  0.2054673  0.0000000  -6.222140  29.626329   0.000000
 11.88  0.9617964  0.2061801  0.0000000  -6.243712  29.621713   0.000000
 11.92  0.9616459  0.2068929  0.0000000  -6.265281  29.617081   0.000000
 11.96  0.9614948  0.2076056  0.0000000  -6.286846  29.612432   0.000000
 12.00  0.9613433  0.2083181  0.0000000  -6.308408  29.607768   0.000000
 12.04  0.9611912  0.2090306  0.0000000  -6.329966  29.603089   0.000000
 12.08  0.9610386  0.2097429  0.0000000  -6.351521  29.598393   0.000000
 12.12  0.9608855  0.2104551  0.0000000  -6.373072  29.593681   0.000000
 12.17  0.9607319  0.2111672  0.0000000  -6.394619  29.588953   0.000000
 12.21  0.9605777  0.2118792  0.0000000  -6.416163  29.584209   0.000000
 12.25  0.9604231  0.2125911  0.0000000  -6.437704  29.579450   0.000000
 12.29  0.9602679  0.2133028  0.0000000  -6.459240  29.574674   0.000000
 12.33  0.9601122  0.2140145  0.0000000  -6.480773  29.569883   0.000000
 12.38  0.9599560  0.2147260  0.0000000  -6.502302  29.565076   0.000000
 12.42  0.9597993  0.2154374  0.0000000  -6.523828  29.560252   0.000000
 12.46  0.9596420  0.2161487  0.0000000  -6.545350  29.555413   0.000000
 12.50  0.9594842  0.2168599  0.0000000  -6.566868  29.550558   0.000000
 12.54  0.9593259  0.2175710  0.0000000  -6.588382  29.545687   0.000000
 12.58  0.9591671  0.2182819  0.0000000  -6.609893  29.540800   0.000000
 12.62  0.9590078  0.2189927  0.0000000  -6.631400  29.535897   0.000000
 12.67  0.9588480  0.2197034  0.0000000  -6.652903  29.530978   0.000000
 12.71  0.9586876  0.2204140  0.0000000  -6.674402  29.526044   0.000000
 12.75  0.9585267  0.2211245  0.0000000  -6.695898  29.521093   0.000000
 12.79  0.9583654  0.2218348  0.0000000  -6.717390  29.516127   0.000000
 12.83  0.9582034  0.2225451  0.0000000  -6.738878  29.511145   0.000000
 12.88  0.9580410  0.2232552  0.0000000  -6.760362  29.506146   0.000000
 12.92  0.9578781  0.2239652  0.0000000  -6.781843  29.501132   0.000000
 12.96  0.9577146  0.2246750  0.0000000  -6.803319  29.496102   0.000000
 13.00  0.9575506  0.2253848  0.0000000  -6.824792  29.491057   0.000000
 13.04  0.9573861  0.2260944  0.0000000  -6.846261  29.485995   0.000000
 13.08  0.9572211  0.2268039  0.0000000  -6.867726  29.480917   0.000000
 13.12  0.9570556  0.2275133  0.0000000  -6.889187  29.475824   0.000000
 13.17  0.9568896  0.2282226  0.0000000  -6.910644  29.470715   0.000000
 13.21  0.9567230  0.2289317  0.0000000  -6.932098  29.465590   0.000000
 13.25  0.9565559  0.2296407  0.0000000  -6.953547  29.460449   0.000000
 13.29  0.9563883  0.2303496  0.0000000  -6.974993  29.455292   0.000000
 13.33  0.9562202  0.2310584  0.0000000  -6.996434  29.450119   0.000000
 13.38  0.9560516  0.2317670  0.0000000  -7.017872  29.444931   0.000000
 13.42  0.9558825  0.2324755  0.0000000  -7.039305  29.439726   0.000000
 13.46  0.9557128  0.2331839  0.0000000  -7.060735  29.434506   0.000000
 13.50  0.9555426  0.2338922  0.0000000  -7.082161  29.429270   0.000000
 13.54  0.9553720  0.2346003  0.0000000  -7.103582  29.424018   0.000000
 13.58  0.9552008  0.2353083  0.0000000  -7.125000  29.418750   0.000000
 13.62  0.9550290  0.2360162  0.0000000  -7.146413  29.413467   0.000000
 13.67  0.9548568  0.2367240  0.0000000  -7.167823  29.408168   0.000000
 13.71  0.9546841  0.2374316  0.0000000  -7.189228  29.402852   0.000000
 13.75  0.9545108  0.2381391  0.0000000  -7.210630  29.397521   0.000000
 13.79  0.9543370  0.2388465  0.0000000  -7.232027  29.392175   0.000000
 13.83  0.9541627  0.2395537  0.0000000  -7.253420  29.386812   0.000000
 13.88  0.9539879  0.2402608  0.0000000  -7.274809  29.381434   0.000000
 13.92  0.9538126  0.2409678  0.0000000  -7.296194  29.376039   0.000000
 13.96  0.9536368  0.2416747  0.0000000  -7.317575  29.370629   0.000000
 14.00  0.9534604  0.2423814  0.0000000  -7.338952  29.365203   0.000000
 14.04  0.9532835  0.2430880  0.0000000  -7.360325  29.359762   0.000000
 14.08  0.9531062  0.2437945  0.0000000  -7.381693  29.354304   0.000000
 14.12  0.9529283  0.2445008  0.0000000  -7.403057  29.348831   0.000000
 14.17  0.9527499  0.2452070  0.0000000  -7.424417  29.343342   0.000000
 14.21  0.9525709  0.2459131  0.0000000  -7.445773  29.337838   0.000000
 14.25  0.9523915  0.2466190  0.0000000  -7.467125  29.332317   0.000000
 14.29  0.9522116  0.2473248  0.0000000  -7.488472  29.326781   0.000000
 14.33  0.9520311  0.2480305  0.0000000  -7.509816  29.321229   0.000000
 14.38  0.9518501  0.2487360  0.0000000  -7.531154  29.315661   0.000000
 14.42  0.9516686  0.2494414  0.0000000  -7.552489  29.310077   0.000000
 14.46  0.9514866  0.2501467  0.0000000  -7.573820  29.304478   0.000000
 14.50  0.9513041  0.2508518  0.0000000  -7.595146  29.298863   0.000000
 14.54  0.9511211  0.2515568  0.0000000  -7.616468  29.293232   0.000000
 14.58  0.9509375  0.2522616  0.0000000  -7.637785  29.287585   0.000000
 14.62  0.9507535  0.2529664  0.0000000  -7.659098  29.281923   0.000000
 14.67  0.9505689  0.2536710  0.0000000  -7.680407  29.276245   0.000000
 14.71  0.9503838  0.2543754  0.0000000  -7.701712  29.270551   0.000000
 14.75  0.9501982  0.2550797  0.0000000  -7.723012  29.264841   0.000000
 14.79  0.9500121  0.2557839  0.0000000  -7.744308  29.259116   0.000000
 14.83  0.9498255  0.2564879  0.0000000  -7.765599  29.253375   0.000000
 14.88  0.9496384  0.2571918  0.0000000  -7.786886  29.247618   0.000000
 14.92  0.9494507  0.2578956  0.0000000  -7.808169  29.241846   0.000000
 14.96  0.9492626  0.2585992  0.0000000  -7.829447  29.236058   0.000000
 15.00  0.9490739  0.2593027  0.0000000  -7.850721  29.230254   0.000000
 15.04  0.9488847  0.2600060  0.0000000  -7.871990  29.224434   0.000000
 15.08  0.9486950  0.2607092  0.0000000  -7.893255  29.218599   0.000000
 15.12  0.9485048  0.2614123  0.0000000  -7.914516  29.212748   0.000000
 15.17  0.9483141  0.2621152  0.0000000  -7.935772  29.206881   0.000000
 15.21  0.9481229  0.2628180  0.0000000  -7.957023  29.200998   0.000000
 15.25  0.9479311  0.2635206  0.0000000  -7.978270  29.195100   0.000000
 15.29  0.9477389  0.2642231  0.0000000  -7.999513  29.189187   0.000000
 15.33  0.9475461  0.2649255  0.0000000  -8.020751  29.183257   0.000000
 15.38  0.9473529  0.2656277  0.0000000  -8.041984  29.177312   0.000000
 15.42  0.9471591  0.2663298  0.0000000  -8.063213  29.171351   0.000000
 15.46  0.9469648  0.2670317  0.0000000  -8.084437  29.165375   0.000000
 15.50  0.9467700  0.2677335  0.0000000  -8.105657  29.159382   0.000000
 15.54  0.9465747  0.2684351  0.0000000  -8.126872  29.153374   0.000000
 15.58  0.9463789  0.2691366  0.0000000  -8.148083  29.147351   0.000000
 15.62  0.9461825  0.2698379  0.0000000  -8.169289  29.141312   0.000000
 15.67  0.9459857  0.2705391  0.0000000  -8.190490  29.135257   0.000000
 15.71  0.9457883  0.2712402  0.0000000  -8.211687  29.129186   0.000000
 15.75  0.9455905  0.2719411  0.0000000  -8.232879  29.123100   0.000000
 15.79  0.9453921  0.2726418  0.0000000  -8.254067  29.116999   0.000000
 15.83  0.9451932  0.2733425  0.0000000  -8.275249  29.110881   0.000000
 15.88  0.9449938  0.2740429  0.0000000  -8.296427  29.104748   0.000000
 15.92  0.9447939  0.2747432  0.0000000  -8.317601  29.098599   0.000000
 15.96  0.9445935  0.2754434  0.0000000  -8.338770  29.092435   0.000000
 16.00  0.9443926  0.2761434  0.0000000  -8.359934  29.086255   0.000000
 16.04  0.9441911  0.2768433  0.0000000  -8.381093  29.080060   0.000000
 16.08  0.9439892  0.2775430  0.0000000  -8.402247  29.073848   0.000000
 16.12  0.9437867  0.2782426  0.0000000  -8.423397  29.067622   0.000000
 16.17  0.9435838  0.2789420  0.0000000  -8.444542  29.061379   0.000000
 16.21  0.9433803  0.2796413  0.0000000  -8.465683  29.055121   0.000000
 16.25  0.9431763  0.2803404  0.0000000  -8.486818  29.048848   0.000000
 16.29  0.9429718  0.2810394  0.0000000  -8.507949  29.042558   0.000000
 16.33  0.9427668  0.2817382  0.0000000  -8.529075  29.036254   0.000000
 16.38  0.9425613  0.2824369  0.0000000  -8.550196  29.029933   0.000000
 16.42  0.9423553  0.2831354  0.0000000  -8.571312  29.023597   0.000000
 16.46  0.9421488  0.2838337  0.0000000  -8.592423  29.017246   0.000000
 16.50  0.9419418  0.2845320  0.0000000  -8.613530  29.010879   0.000000
 16.54  0.9417343  0.2852300  0.0000000  -8.634631  29.004496   0.000000
 16.58  0.9415262  0.2859279  0.0000000  -8.655728  28.998098   0.000000
 16.62  0.9413177  0.2866257  0.0000000  -8.676820  28.991684   0.000000
 16.67  0.9411086  0.2873233  0.0000000  -8.697907  28.985254   0.000000
 16.71  0.9408990  0.2880207  0.0000000  -8.718989  28.978809   0.000000
 16.75  0.9406890  0.2887180  0.0000000  -8.740066  28.972349   0.000000
 16.79  0.9404784  0.2894151  0.0000000  -8.761139  28.965873   0.000000
 16.83  0.9402673  0.2901121  0.0000000  -8.782206  28.959381   0.000000
 16.88  0.9400557  0.2908089  0.0000000  -8.803268  28.952874   0.000000
 16.92  0.9398436  0.2915055  0.0000000  -8.824326  28.946351   0.000000
 16.96  0.9396310  0.2922020  0.0000000  -8.845378  28.939813   0.000000
 17.00  0.9394179  0.2928984  0.0000000  -8.866425  28.933259   0.000000
 17.04  0.9392043  0.2935946  0.0000000  -8.887468  28.926690   0.000000
 17.08  0.9389901  0.2942906  0.0000000  -8.908505  28.920105   0.000000
 17.12  0.9387755  0.2949865  0.0000000  -8.929537  28.913505   0.000000
 17.17  0.9385604  0.2956822  0.0000000  -8.950564  28.906889   0.000000
 17.21  0.9383447  0.2963777  0.0000000  -8.971587  28.900258   0.000000
 17.25  0.9381286  0.2970731  0.0000000  -8.992604  28.893611   0.000000
 17.29  0.9379119  0.2977684  0.0000000  -9.013616  28.886948   0.000000
 17.33  0.9376948  0.2984634  0.0000000  -9.034623  28.880270   0.000000
 17.38  0.9374771  0.2991583  0.0000000  -9.055625  28.873577   0.000000
 17.42  0.9372589  0.2998531  0.0000000  -9.076621  28.866868   0.000000
 17.46  0.9370403  0.3005477  0.0000000  -9.097613  28.860144   0.000000
 17.50  0.9368211  0.3012421  0.0000000  -9.118600  28.853404   0.000000
 17.54  0.9366014  0.3019364  0.0000000  -9.139581  28.846649   0.000000
 17.58  0.9363812  0.3026305  0.0000000  -9.160557  28.839878   0.000000
 17.62  0.9361605  0.3033244  0.0000000  -9.181528  28.833092   0.000000
 17.67  0.9359393  0.3040182  0.0000000  -9.202494  28.826290   0.000000
 17.71  0.9357176  0.3047118  0.0000000  -9.223455  28.819473   0.000000
 17.75  0.9354954  0.3054052  0.0000000  -9.244410  28.812640   0.000000
 17.79  0.9352727  0.3060985  0.0000000  -9.265360  28.805792   0.000000
 17.83  0.9350494  0.3067916  0.0000000  -9.286305  28.798929   0.000000
 17.88  0.9348257  0.3074846  0.0000000  -9.307245  28.792050   0.000000
 17.92  0.9346015  0.3081773  0.0000000  -9.328179  28.785155   0.000000
 17.96  0.9343768  0.3088700  0.0000000  -9.349109  28.778245   0.000000
 18.00  0.9341515  0.3095624  0.0000000  -9.370033  28.771320   0.000000
 18.04  0.9339258  0.3102547  0.0000000  -9.390951  28.764379   0.000000
 18.08  0.9336996  0.3109468  0.0000000  -9.411864  28.757423   0.000000
 18.12  0.9334728  0.3116388  0.0000000  -9.432773  28.750452   0.000000
 18.17  0.9332456  0.3123305  0.0000000  -9.453675  28.743465   0.000000
 18.21  0.9330178  0.3130222  0.0000000  -9.474573  28.736462   0.000000
 18.25  0.9327896  0.3137136  0.0000000  -9.495465  28.729445   0.000000
 18.29  0.9325608  0.3144049  0.0000000  -9.516351  28.722412   0.000000
 18.33  0.9323316  0.3150960  0.0000000  -9.537233  28.715363   0.000000
 18.38  0.9321018  0.3157869  0.0000000  -9.558108  28.708299   0.000000
 18.42  0.9318715  0.3164777  0.0000000  -9.578979  28.701220   0.000000
 18.46  0.9316408  0.3171683  0.0000000  -9.599844  28.694125   0.000000
 18.50  0.9314095  0.3178587  0.0000000  -9.620704  28.687015   0.000000
 18.54  0.9311777  0.3185490  0.0000000  -9.641558  28.679889   0.000000
 18.58  0.9309455  0.3192390  0.0000000  -9.662407  28.672748   0.000000
 18.62  0.9307127  0.3199290  0.0000000  -9.683250  28.665592   0.000000
 18.67  0.9304794  0.3206187  0.0000000  -9.704088  28.658421   0.000000
 18.71  0.9302456  0.3213083  0.0000000  -9.724921  28.651234   0.000000
 18.75  0.9300114  0.3219976  0.0000000  -9.745747  28.644031   0.000000
 18.79  0.9297766  0.3226869  0.0000000  -9.766569  28.636814   0.000000
 18.83  0.9295413  0.3233759  0.0000000  -9.787385  28.629581   0.000000
 18.88  0.9293055  0.3240648  0.0000000  -9.808195  28.622332   0.000000
 18.92  0.9290692  0.3247535  0.0000000  -9.829000  28.615069   0.000000
 18.96  0.9288325  0.3254420  0.0000000  -9.849799  28.607790   0.000000
 19.00  0.9285952  0.3261303  0.0000000  -9.870593  28.600495   0.000000
 19.04  0.9283574  0.3268185  0.0000000  -9.891381  28.593186   0.000000
 19.08  0.9281191  0.3275065  0.0000000  -9.912164  28.585861   0.000000
 19.12  0.9278803  0.3281943  0.0000000  -9.932941  28.578520   0.000000
 19.17  0.9276411  0.3288820  0.0000000  -9.953712  28.571165   0.000000
 19.21  0.9274013  0.3295694  0.0000000  -9.974478  28.563794   0.000000
 19.25  0.9271610  0.3302567  0.0000000  -9.995238  28.556408   0.000000
 19.29  0.9269202  0.3309438  0.0000000 -10.015993  28.549006   0.000000
 19.33  0.9266789  0.3316307  0.0000000 -10.036742  28.541590   0.000000
 19.38  0.9264372  0.3323175  0.0000000 -10.057485  28.534158   0.000000
 19.42  0.9261949  0.3330041  0.0000000 -10.078223  28.526710   0.000000
 19.46  0.9259521  0.3336905  0.0000000 -10.098955  28.519248   0.000000
 19.50  0.9257088  0.3343767  0.0000000 -10.119681  28.511770   0.000000
 19.54  0.9254651  0.3350627  0.0000000 -10.140401  28.504277   0.000000
 19.58  0.9252208  0.3357485  0.0000000 -10.161116  28.496768   0.000000
 19.62  0.9249760  0.3364342  0.0000000 -10.181825  28.489244   0.000000
 19.67  0.9247307  0.3371197  0.0000000 -10.202528  28.481705   0.000000
 19.71  0.9244850  0.3378050  0.0000000 -10.223226  28.474151   0.000000
 19.75  0.9242387  0.3384901  0.0000000 -10.243917  28.466582   0.000000
 19.79  0.9239919  0.3391751  0.0000000 -10.264603  28.458997   0.000000
 19.83  0.9237447  0.3398598  0.0000000 -10.285284  28.451397   0.000000
 19.88  0.9234969  0.3405444  0.0000000 -10.305958  28.443782   0.000000
 19.92  0.9232487  0.3412288  0.0000000 -10.326627  28.436152   0.000000
 19.96  0.9229999  0.3419130  0.0000000 -10.347289  28.428506   0.000000
 20.00  0.9227507  0.3425971  0.0000000 -10.367946  28.420845   0.000000
 20.04  0.9225009  0.3432809  0.0000000 -10.388597  28.413169   0.000000
 20.08  0.9222507  0.3439645  0.0000000 -10.409243  28.405478   0.000000
 20.12  0.9219999  0.3446480  0.0000000 -10.429882  28.397772   0.000000
 20.17  0.9217487  0.3453313  0.0000000 -10.450515  28.390050   0.000000
 20.21  0.9214970  0.3460144  0.0000000 -10.471143  28.382313   0.000000
 20.25  0.9212447  0.3466973  0.0000000 -10.491765  28.374561   0.000000
 20.29  0.9209920  0.3473800  0.0000000 -10.512380  28.366794   0.000000
 20.33  0.9207388  0.3480626  0.0000000 -10.532990  28.359012   0.000000
 20.38  0.9204851  0.3487449  0.0000000 -10.553594  28.351214   0.000000
 20.42  0.9202308  0.3494271  0.0000000 -10.574192  28.343402   0.000000
 20.46  0.9199761  0.3501091  0.0000000 -10.594784  28.335574   0.000000
 20.50  0.9197209  0.3507909  0.0000000 -10.615370  28.327731   0.000000
 20.54  0.9194652  0.3514725  0.0000000 -10.635950  28.319873   0.000000
 20.58  0.9192090  0.3521539  0.0000000 -10.656524  28.311999   0.000000
 20.62  0.9189523  0.3528351  0.0000000 -10.677092  28.304111   0.000000
 20.67  0.9186951  0.3535161  0.0000000 -10.697654  28.296207   0.000000
 20.71  0.9184375  0.3541970  0.0000000 -10.718210  28.288289   0.000000
 20.75  0.9181793  0.3548776  0.0000000 -10.738760  28.280355   0.000000
 20.79  0.9179206  0.3555581  0.0000000 -10.759304  28.272406   0.000000
 20.83  0.9176615  0.3562383  0.0000000 -10.779842  28.264442   0.000000
 20.88  0.9174018  0.3569184  0.0000000 -10.800374  28.256462   0.000000
 20.92  0.9171416  0.3575983  0.0000000 -10.820899  28.248468   0.000000
 20.96  0.9168810  0.3582780  0.0000000 -10.841419  28.240459   0.000000
 21.00  0.9166199  0.3589575  0.0000000 -10.861932  28.232434   0.000000
 21.04  0.9163582  0.3596368  0.0000000 -10.882440  28.224394   0.000000
 21.08  0.9160961  0.3603159  0.0000000 -10.902941  28.216340   0.000000
 21.12  0.9158335  0.3609948  0.0000000 -10.923436  28.208270   0.000000
 21.17  0.9155704  0.3616735  0.0000000 -10.943925  28.200185   0.000000
 21.21  0.9153068  0.3623520  0.0000000 -10.964407  28.192085   0.000000
 21.25  0.9150427  0.3630304  0.0000000 -10.984884  28.183970   0.000000
 21.29  0.9147781  0.3637085  0.0000000 -11.005354  28.175840   0.000000
 21.33  0.9145130  0.3643865  0.0000000 -11.025818  28.167695   0.000000
 21.38  0.9142474  0.3650642  0.0000000 -11.046276  28.159534   0.000000
 21.42  0.9139813  0.3657417  0.0000000 -11.066728  28.151359   0.000000
 21.46  0.9137148  0.3664191  0.0000000 -11.087174  28.143169   0.000000
 21.50  0.9134477  0.3670963  0.0000000 -11.107613  28.134963   0.000000
 21.54  0.9131802  0.3677732  0.0000000 -11.128046  28.126743   0.000000
 21.58  0.9129121  0.3684500  0.0000000 -11.148473  28.118507   0.000000
 21.62  0.9126436  0.3691265  0.0000000 -11.168893  28.110257   0.000000
 21.67  0.9123746  0.3698029  0.0000000 -11.189307  28.101992   0.000000
 21.71  0.9121051  0.3704790  0.0000000 -11.209715  28.093711   0.000000
 21.75  0.9118351  0.3711550  0.0000000 -11.230117  28.085416   0.000000
 21.79  0.9115646  0.3718308  0.0000000 -11.250512  28.077105   0.000000
 21.83  0.9112936  0.3725063  0.0000000 -11.270901  28.068779   0.000000
 21.88  0.9110221  0.3731817  0.0000000 -11.291283  28.060439   0.000000
 21.92  0.9107502  0.3738569  0.0000000 -11.311659  28.052083   0.000000
 21.96  0.9104777  0.3745318  0.0000000 -11.332029  28.043713   0.000000
 22.00  0.9102048  0.3752066  0.0000000 -11.352393  28.035327   0.000000
 22.04  0.9099313  0.3758811  0.0000000 -11.372750  28.026927   0.000000
 22.08  0.9096574  0.3765555  0.0000000 -11.393100  28.018512   0.000000
 22.12  0.9093830  0.3772296  0.0000000 -11.413444  28.010081   0.000000
 22.17  0.9091081  0.3779036  0.0000000 -11.433782  28.001636   0.000000
 22.21  0.9088327  0.3785773  0.0000000 -11.454114  27.993176   0.000000
 22.25  0.9085568  0.3792509  0.0000000 -11.474438  27.984700   0.000000
 22.29  0.9082804  0.3799242  0.0000000 -11.494757  27.976210   0.000000
 22.33  0.9080036  0.3805973  0.0000000 -11.515069  27.967705   0.000000
 22.38  0.9077262  0.3812703  0.0000000 -11.535374  27.959185   0.000000
 22.42  0.9074484  0.3819430  0.0000000 -11.555673  27.950650   0.000000
 22.46  0.9071701  0.3826155  0.0000000 -11.575966  27.942100   0.000000
 22.50  0.9068912  0.3832878  0.0000000 -11.596252  27.933535   0.000000
 22.54  0.9066119  0.3839599  0.0000000 -11.616531  27.924956   0.000000
 22.58  0.9063322  0.3846318  0.0000000 -11.636804  27.916361   0.000000
 22.62  0.9060519  0.3853035  0.0000000 -11.657070  27.907751   0.000000
 22.67  0.9057711  0.3859750  0.0000000 -11.677330  27.899127   0.000000
 22.71  0.9054899  0.3866462  0.0000000 -11.697583  27.890488   0.000000
 22.75  0.9052081  0.3873173  0.0000000 -11.717830  27.881833   0.000000
 22.79  0.9049259  0.3879882  0.0000000 -11.738070  27.873164   0.000000
 22.83  0.9046432  0.3886588  0.0000000 -11.758303  27.864480   0.000000
 22.88  0.9043600  0.3893293  0.0000000 -11.778530  27.855781   0.000000
 22.92  0.9040763  0.3899995  0.0000000 -11.798750  27.847068   0.000000
 22.96  0.9037921  0.3906695  0.0000000 -11.818964  27.838339   0.000000
 23.00  0.9035075  0.3913393  0.0000000 -11.839171  27.829596   0.000000
 23.04  0.9032223  0.3920089  0.0000000 -11.859371  27.820837   0.000000
 23.08  0.9029367  0.3926783  0.0000000 -11.879564  27.812064   0.000000
 23.12  0.9026506  0.3933475  0.0000000 -11.899751  27.803276   0.000000
 23.17  0.9023639  0.3940165  0.0000000 -11.919931  27.794474   0.000000
 23.21  0.9020769  0.3946852  0.0000000 -11.940105  27.785656   0.000000
 23.25  0.9017893  0.3953538  0.0000000 -11.960272  27.776823   0.000000
 23.29  0.9015012  0.3960221  0.0000000 -11.980432  27.767976   0.000000
 23.33  0.9012127  0.3966902  0.0000000 -12.000585  27.759114   0.000000
 23.38  0.9009236  0.3973581  0.0000000 -12.020731  27.750237   0.000000
 23.42  0.9006341  0.3980258  0.0000000 -12.040871  27.741346   0.000000
 23.46  0.9003441  0.3986933  0.0000000 -12.061004  27.732439   0.000000
 23.50  0.9000536  0.3993605  0.0000000 -12.081130  27.723518   0.000000
 23.54  0.8997627  0.4000276  0.0000000 -12.101250  27.714582   0.000000
 23.58  0.8994712  0.4006944  0.0000000 -12.121362  27.705631   0.000000
 23.62  0.8991793  0.4013610  0.0000000 -12.141468  27.696665   0.000000
 23.67  0.8988869  0.4020274  0.0000000 -12.161567  27.687685   0.000000
 23.71  0.8985940  0.4026936  0.0000000 -12.181659  27.678690   0.000000
 23.75  0.8983006  0.4033596  0.0000000 -12.201744  27.669680   0.000000
 23.79  0.8980067  0.4040253  0.0000000 -12.221823  27.660655   0.000000
 23.83  0.8977124  0.4046908  0.0000000 -12.241894  27.651616   0.000000
 23.88  0.8974175  0.4053562  0.0000000 -12.261959  27.642562   0.000000
 23.92  0.8971222  0.4060213  0.0000000 -12.282016  27.633493   0.000000
 23.96  0.8968264  0.4066861  0.0000000 -12.302067  27.624409   0.000000
 24.00  0.8965301  0.4073508  0.0000000 -12.322111  27.615311   0.000000
 24.04  0.8962333  0.4080152  0.0000000 -12.342148  27.606198   0.000000
 24.08  0.8959361  0.4086795  0.0000000 -12.362178  27.597070   0.000000
 24.12  0.8956384  0.4093435  0.0000000 -12.382201  27.587928   0.000000
 24.17  0.8953402  0.4100072  0.0000000 -12.402217  27.578771   0.000000
 24.21  0.8950415  0.4106708  0.0000000 -12.422226  27.569599   0.000000
 24.25  0.8947423  0.4113341  0.0000000 -12.442229  27.560412   0.000000
 24.29  0.8944426  0.4119972  0.0000000 -12.462224  27.551211   0.000000
 24.33  0.8941425  0.4126601  0.0000000 -12.482212  27.541995   0.000000
 24.38  0.8938419  0.4133228  0.0000000 -12.502193  27.532765   0.000000
 24.42  0.8935408  0.4139853  0.0000000 -12.522167  27.523519   0.000000
 24.46  0.8932392  0.4146475  0.0000000 -12.542134  27.514259   0.000000
 24.50  0.8929371  0.4153095  0.0000000 -12.562094  27.504985   0.000000
 24.54  0.8926346  0.4159713  0.0000000 -12.582047  27.495696   0.000000
 24.58  0.8923316  0.4166328  0.0000000 -12.601993  27.486392   0.000000
 24.62  0.8920281  0.4172942  0.0000000 -12.621932  27.477073   0.000000
 24.67  0.8917241  0.4179553  0.0000000 -12.641863  27.467740   0.000000
 24.71  0.8914196  0.4186162  0.0000000 -12.661788  27.458392   0.000000
 24.75  0.8911147  0.4192768  0.0000000 -12.681705  27.449030   0.000000
 24.79  0.8908093  0.4199373  0.0000000 -12.701616  27.439653   0.000000
 24.83  0.8905034  0.4205975  0.0000000 -12.721519  27.430262   0.000000
 24.88  0.8901970  0.4212575  0.0000000 -12.741415  27.420855   0.000000
 24.92  0.8898901  0.4219172  0.0000000 -12.761304  27.411434   0.000000
 24.96  0.8895828  0.4225767  0.0000000 -12.781186  27.401999   0.000000
 25.00  0.8892750  0.4232360  0.0000000 -12.801060  27.392549   0.000000
 25.04  0.8889667  0.4238951  0.0000000 -12.820927  27.383085   0.000000
 25.08  0.8886579  0.4245540  0.0000000 -12.840788  27.373605   0.000000
 25.12  0.8883487  0.4252126  0.0000000 -12.860641  27.364112   0.000000
 25.17  0.8880390  0.4258710  0.0000000 -12.880486  27.354603   0.000000
 25.21  0.8877288  0.4265291  0.0000000 -12.900325  27.345081   0.000000
 25.25  0.8874181  0.4271871  0.0000000 -12.920156  27.335543   0.000000
 25.29  0.8871069  0.4278448  0.0000000 -12.939980  27.325991   0.000000
 25.33  0.8867953  0.4285022  0.0000000 -12.959796  27.316425   0.000000
 25.38  0.8864832  0.4291595  0.0000000 -12.979606  27.306844   0.000000
 25.42  0.8861706  0.4298165  0.0000000 -12.999408  27.297248   0.000000
 25.46  0.8858575  0.4304733  0.0000000 -13.019203  27.287638   0.000000
 25.50  0.8855440  0.4311298  0.0000000 -13.038990  27.278014   0.000000
 25.54  0.8852300  0.4317861  0.0000000 -13.058770  27.268374   0.000000
 25.58  0.8849155  0.4324422  0.0000000 -13.078543  27.258721   0.000000
 25.62  0.8846005  0.4330981  0.0000000 -13.098309  27.249053   0.000000
 25.67  0.8842851  0.4337537  0.0000000 -13.118067  27.239370   0.000000
 25.71  0.8839692  0.4344091  0.0000000 -13.137818  27.229673   0.000000
 25.75  0.8836528  0.4350642  0.0000000 -13.157561  27.219961   0.000000
 25.79  0.8833359  0.4357191  0.0000000 -13.177297  27.210235   0.000000
 25.83  0.8830186  0.4363738  0.0000000 -13.197026  27.200495   0.000000
 25.88  0.8827007  0.4370283  0.0000000 -13.216747  27.190740   0.000000
 25.92  0.8823825  0.4376825  0.0000000 -13.236460  27.180970   0.000000
 25.96  0.8820637  0.4383365  0.0000000 -13.256167  27.171187   0.000000
 26.00  0.8817444  0.4389902  0.0000000 -13.275866  27.161388   0.000000
 26.04  0.8814247  0.4396437  0.0000000 -13.295557  27.151575   0.000000
 26.08  0.8811045  0.4402970  0.0000000 -13.315241  27.141748   0.000000
 26.12  0.8807839  0.4409500  0.0000000 -13.334917  27.131907   0.000000
 26.17  0.8804627  0.4416028  0.0000000 -13.354586  27.122050   0.000000
 26.21  0.8801411  0.4422554  0.0000000 -13.374248  27.112180   0.000000
 26.25  0.8798191  0.4429077  0.0000000 -13.393902  27.102295   0.000000
 26.29  0.8794965  0.4435598  0.0000000 -13.413548  27.092396   0.000000
 26.33  0.8791735  0.4442116  0.0000000 -13.433187  27.082482   0.000000
 26.38  0.8788500  0.4448632  0.0000000 -13.452819  27.072554   0.000000
 26.42  0.8785260  0.4455146  0.0000000 -13.472442  27.062612   0.000000
 26.46  0.8782016  0.4461657  0.0000000 -13.492059  27.052655   0.000000
 26.50  0.8778766  0.4468166  0.0000000 -13.511667  27.042683   0.000000
 26.54  0.8775513  0.4474673  0.0000000 -13.531269  27.032698   0.000000
 26.58  0.8772254  0.4481177  0.0000000 -13.550862  27.022698   0.000000
 26.62  0.8768991  0.4487679  0.0000000 -13.570448  27.012684   0.000000
 26.67  0.8765723  0.4494178  0.0000000 -13.590026  27.002655   0.000000
 26.71  0.8762450  0.4500675  0.0000000 -13.609597  26.992612   0.000000
 26.75  0.8759173  0.4507169  0.0000000 -13.629160  26.982554   0.000000
 26.79  0.8755890  0.4513661  0.0000000 -13.648715  26.972483   0.000000
 26.83  0.8752604  0.4520151  0.0000000 -13.668263  26.962397   0.000000
 26.88  0.8749312  0.4526638  0.0000000 -13.687803  26.952296   0.000000
 26.92  0.8746016  0.4533123  0.0000000 -13.707335  26.942182   0.000000
 26.96  0.8742715  0.4539605  0.0000000 -13.726860  26.932053   0.000000
 27.00  0.8739409  0.4546085  0.0000000 -13.746377  26.921910   0.000000
 27.04  0.8736099  0.4552562  0.0000000 -13.765886  26.911752   0.000000
 27.08  0.8732784  0.4559037  0.0000000 -13.785388  26.901580   0.000000
 27.12  0.8729464  0.4565510  0.0000000 -13.804882  26.891394   0.000000
 27.17  0.8726140  0.4571980  0.0000000 -13.824368  26.881194   0.000000
 27.21  0.8722810  0.4578447  0.0000000 -13.843846  26.870979   0.000000
 27.25  0.8719477  0.4584912  0.0000000 -13.863317  26.860750   0.000000
 27.29  0.8716138  0.4591375  0.0000000 -13.882779  26.850507   0.000000
 27.33  0.8712795  0.4597835  0.0000000 -13.902234  26.840249   0.000000
 27.38  0.8709447  0.4604293  0.0000000 -13.921681  26.829978   0.000000
 27.42  0.8706095  0.4610748  0.0000000 -13.941121  26.819692   0.000000
 27.46  0.8702737  0.4617201  0.0000000 -13.960552  26.809392   0.000000
 27.50  0.8699376  0.4623651  0.0000000 -13.979976  26.799077   0.000000
 27.54  0.8696009  0.4630099  0.0000000 -13.999392  26.788749   0.000000
 27.58  0.8692638  0.4636545  0.0000000 -14.018800  26.778406   0.000000
 27.62  0.8689262  0.4642987  0.0000000 -14.038200  26.768049   0.000000
 27.67  0.8685881  0.4649428  0.0000000 -14.057592  26.757678   0.000000
 27.71  0.8682496  0.4655866  0.0000000 -14.076977  26.747292   0.000000
 27.75  0.8679106  0.4662301  0.0000000 -14.096353  26.736892   0.000000
 27.79  0.8675712  0.4668734  0.0000000 -14.115722  26.726479   0.000000
 27.83  0.8672312  0.4675164  0.0000000 -14.135083  26.716051   0.000000
 27.88  0.8668909  0.4681592  0.0000000 -14.154435  26.705609   0.000000
 27.92  0.8665500  0.4688017  0.0000000 -14.173780  26.695152   0.000000
 27.96  0.8662087  0.4694440  0.0000000 -14.193117  26.684682   0.000000
 28.00  0.8658669  0.4700860  0.0000000 -14.212446  26.674197   0.000000
 28.04  0.8655247  0.4707278  0.0000000 -14.231767  26.663698   0.000000
 28.08  0.8651819  0.4713693  0.0000000 -14.251080  26.653185   0.000000
 28.12  0.8648388  0.4720106  0.0000000 -14.270385  26.642658   0.000000
 28.17  0.8644951  0.4726516  0.0000000 -14.289682  26.632117   0.000000
 28.21  0.8641510  0.4732924  0.0000000 -14.308971  26.621562   0.000000
 28.25  0.8638065  0.4739329  0.0000000 -14.328252  26.610993   0.000000
 28.29  0.8634614  0.4745731  0.0000000 -14.347525  26.600409   0.000000
 28.33  0.8631159  0.4752131  0.0000000 -14.366789  26.589812   0.000000
 28.38  0.8627700  0.4758529  0.0000000 -14.386046  26.579200   0.000000
 28.42  0.8624235  0.4764924  0.0000000 -14.405295  26.568574   0.000000
 28.46  0.8620766  0.4771316  0.0000000 -14.424536  26.557934   0.000000
 28.50  0.8617293  0.4777706  0.0000000 -14.443768  26.547280   0.000000
 28.54  0.8613815  0.4784093  0.0000000 -14.462993  26.536612   0.000000
 28.58  0.8610332  0.4790478  0.0000000 -14.482209  26.525930   0.000000
 28.62  0.8606845  0.4796860  0.0000000 -14.501417  26.515234   0.000000
 28.67  0.8603353  0.4803239  0.0000000 -14.520618  26.504524   0.000000
 28.71  0.8599856  0.4809616  0.0000000 -14.539810  26.493800   0.000000
 28.75  0.8596355  0.4815990  0.0000000 -14.558994  26.483062   0.000000
 28.79  0.8592849  0.4822362  0.0000000 -14.578169  26.472309   0.000000
 28.83  0.8589338  0.4828731  0.0000000 -14.597337  26.461543   0.000000
 28.88  0.8585823  0.4835098  0.0000000 -14.616496  26.450763   0.000000
 28.92  0.8582304  0.4841462  0.0000000 -14.635647  26.439968   0.000000
 28.96  0.8578779  0.4847823  0.0000000 -14.654790  26.429160   0.000000
 29.00  0.8575250  0.4854182  0.0000000 -14.673925  26.418338   0.000000
 29.04  0.8571717  0.4860538  0.0000000 -14.693052  26.407501   0.000000
 29.08  0.8568179  0.4866891  0.0000000 -14.712170  26.396651   0.000000
 29.12  0.8564636  0.4873242  0.0000000 -14.731280  26.385787   0.000000
 29.17  0.8561089  0.4879591  0.0000000 -14.750382  26.374909   0.000000
 29.21  0.8557537  0.4885936  0.0000000 -14.769475  26.364017   0.000000
 29.25  0.8553980  0.4892279  0.0000000 -14.788561  26.353110   0.000000
 29.29  0.8550419  0.4898620  0.0000000 -14.807638  26.342190   0.000000
 29.33  0.8546854  0.4904958  0.0000000 -14.826706  26.331256   0.000000
 29.38  0.8543283  0.4911293  0.0000000 -14.845767  26.320308   0.000000
