 t(days)  x(mRsun)  y(mRsun)   z(mRsun)   vx(CMPS)   vy(CMPS)   vz(CMPS)
 ------------------------------------------------------------------------
  0.00  0.0000000  0.0000000  0.0000000   0.000000  -9.095534   0.000000
  0.04  0.0000002 -0.0004708  0.0000000   0.006631  -9.095531   0.000000
  0.08  0.0000007 -0.0009416  0.0000000   0.013261  -9.095524   0.000000
  0.12  0.0000015 -0.0014124  0.0000000   0.019892  -9.095512   0.000000
  0.17  0.0000027 -0.0018832  0.0000000   0.026523  -9.095494   0.000000
  0.21  0.0000043 -0.0023540  0.0000000   0.033153  -9.095472   0.000000
  0.25  0.0000062 -0.0028248  0.0000000   0.039784  -9.095445   0.000000
  0.29  0.0000084 -0.0032956  0.0000000   0.046415  -9.095413   0.000000
  0.33  0.0000110 -0.0037664  0.0000000   0.053045  -9.095376   0.000000
  0.38  0.0000139 -0.0042371  0.0000000   0.059676  -9.095335   0.000000
  0.42  0.0000172 -0.0047079  0.0000000   0.066306  -9.095288   0.000000
  0.46  0.0000208 -0.0051787  0.0000000   0.072937  -9.095236   0.000000
  0.50  0.0000247 -0.0056495  0.0000000   0.079567  -9.095180   0.000000
  0.54  0.0000290 -0.0061203  0.0000000   0.086198  -9.095118   0.000000
  0.58  0.0000336 -0.0065910  0.0000000   0.092828  -9.095052   0.000000
  0.62  0.0000386 -0.0070618  0.0000000   0.099458  -9.094981   0.000000
  0.67  0.0000439 -0.0075326  0.0000000   0.106089  -9.094905   0.000000
  0.71  0.0000496 -0.0080033  0.0000000   0.112719  -9.094824   0.000000
  0.75  0.0000556 -0.0084741  0.0000000   0.119349  -9.094738   0.000000
  0.79  0.0000619 -0.0089448  0.0000000   0.125979  -9.094647   0.000000
  0.83  0.0000686 -0.0094156  0.0000000   0.132609  -9.094551   0.000000
  0.88  0.0000757 -0.0098863  0.0000000   0.139239  -9.094450   0.000000
  0.92  0.0000831 -0.0103571  0.0000000   0.145869  -9.094345   0.000000
  0.96  0.0000908 -0.0108278  0.0000000   0.152498  -9.094234   0.000000
  1.00  0.0000988 -0.0112985  0.0000000   0.159128  -9.094118   0.000000
  1.04  0.0001073 -0.0117693  0.0000000   0.165758  -9.093998   0.000000
  1.08  0.0001160 -0.0122400  0.0000000   0.172387  -9.093873   0.000000
  1.12  0.0001251 -0.0127107  0.0000000   0.179017  -9.093743   0.000000
  1.17  0.0001345 -0.0131814  0.0000000   0.185646  -9.093607   0.000000
  1.21  0.0001443 -0.0136521  0.0000000   0.192275  -9.093467   0.000000
  1.25  0.0001544 -0.0141228  0.0000000   0.198904  -9.093322   0.000000
  1.29  0.0001649 -0.0145934  0.0000000   0.205533  -9.093173   0.000000
  1.33  0.0001757 -0.0150641  0.0000000   0.212162  -9.093018   0.000000
  1.38  0.0001869 -0.0155348  0.0000000   0.218791  -9.092858   0.000000
  1.42  0.0001984 -0.0160054  0.0000000   0.225419  -9.092693   0.000000
  1.46  0.0002102 -0.0164761  0.0000000   0.232048  -9.092524   0.000000
  1.50  0.0002224 -0.0169467  0.0000000   0.238676  -9.092349   0.000000
  1.54  0.0002349 -0.0174173  0.0000000   0.245304  -9.092170   0.000000
  1.58  0.0002478 -0.0178880  0.0000000   0.251932  -9.091986   0.000000
  1.62  0.0002610 -0.0183586  0.0000000   0.258560  -9.091797   0.000000
  1.67  0.0002746 -0.0188292  0.0000000   0.265188  -9.091603   0.000000
  1.71  0.0002884 -0.0192997  0.0000000   0.271815  -9.091404   0.000000
  1.75  0.0003027 -0.0197703  0.0000000   0.278443  -9.091200   0.000000
  1.79  0.0003173 -0.0202409  0.0000000   0.285070  -9.090991   0.000000
  1.83  0.0003322 -0.0207115  0.0000000   0.291697  -9.090777   0.000000
  1.88  0.0003475 -0.0211820  0.0000000   0.298324  -9.090559   0.000000
  1.92  0.0003631 -0.0216525  0.0000000   0.304951  -9.090335   0.000000
  1.96  0.0003790 -0.0221231  0.0000000   0.311578  -9.090107   0.000000
  2.00  0.0003953 -0.0225936  0.0000000   0.318204  -9.089873   0.000000
  2.04  0.0004120 -0.0230641  0.0000000   0.324831  -9.089635   0.000000
  2.08  0.0004290 -0.0235345  0.0000000   0.331457  -9.089392   0.000000
  2.12  0.0004463 -0.0240050  0.0000000   0.338083  -9.089144   0.000000
  2.17  0.0004640 -0.0244755  0.0000000   0.344708  -9.088891   0.000000
  2.21  0.0004820 -0.0249459  0.0000000   0.351334  -9.088633   0.000000
  2.25  0.0005003 -0.0254164  0.0000000   0.357959  -9.088370   0.000000
  2.29  0.0005190 -0.0258868  0.0000000   0.364584  -9.088102   0.000000
  2.33  0.0005381 -0.0263572  0.0000000   0.371209  -9.087829   0.000000
  2.38  0.0005575 -0.0268276  0.0000000   0.377834  -9.087552   0.000000
  2.42  0.0005772 -0.0272979  0.0000000   0.384458  -9.087269   0.000000
  2.46  0.0005973 -0.0277683  0.0000000   0.391083  -9.086982   0.000000
  2.50  0.0006177 -0.0282387  0.0000000   0.397707  -9.086690   0.000000
  2.54  0.0006384 -0.0287090  0.0000000   0.404330  -9.086392   0.000000
  2.58  0.0006595 -0.0291793  0.0000000   0.410954  -9.086090   0.000000
  2.62  0.0006810 -0.0296496  0.0000000   0.417577  -9.085783   0.000000
  2.67  0.0007028 -0.0301199  0.0000000   0.424200  -9.085471   0.000000
  2.71  0.0007249 -0.0305902  0.0000000   0.430823  -9.085155   0.000000
  2.75  0.0007474 -0.0310604  0.0000000   0.437446  -9.084833   0.000000
  2.79  0.0007702 -0.0315306  0.0000000   0.444068  -9.084506   0.000000
  2.83  0.0007933 -0.0320009  0.0000000   0.450690  -9.084175   0.000000
  2.88  0.0008168 -0.0324711  0.0000000   0.457312  -9.083838   0.000000
  2.92  0.0008407 -0.0329412  0.0000000   0.463934  -9.083497   0.000000
  2.96  0.0008649 -0.0334114  0.0000000   0.470555  -9.083151   0.000000
  3.00  0.0008894 -0.0338816  0.0000000   0.477176  -9.082799   0.000000
  3.04  0.0009143 -0.0343517  0.0000000   0.483797  -9.082443   0.000000
  3.08  0.0009395 -0.0348218  0.0000000   0.490418  -9.082082   0.000000
  3.12  0.0009650 -0.0352919  0.0000000   0.497038  -9.081716   0.000000
  3.17  0.0009909 -0.0357620  0.0000000   0.503658  -9.081346   0.000000
  3.21  0.0010172 -0.0362320  0.0000000   0.510278  -9.080970   0.000000
  3.25  0.0010438 -0.0367020  0.0000000   0.516897  -9.080589   0.000000
  3.29  0.0010707 -0.0371721  0.0000000   0.523516  -9.080204   0.000000
  3.33  0.0010980 -0.0376420  0.0000000   0.530135  -9.079813   0.000000
  3.38  0.0011256 -0.0381120  0.0000000   0.536754  -9.079418   0.000000
  3.42  0.0011535 -0.0385820  0.0000000   0.543372  -9.079018   0.000000
  3.46  0.0011818 -0.0390519  0.0000000   0.549990  -9.078613   0.000000
  3.50  0.0012105 -0.0395218  0.0000000   0.556607  -9.078202   0.000000
  3.54  0.0012394 -0.0399917  0.0000000   0.563225  -9.077788   0.000000
  3.58  0.0012688 -0.0404616  0.0000000   0.569841  -9.077368   0.000000
  3.62  0.0012984 -0.0409314  0.0000000   0.576458  -9.076943   0.000000
  3.67  0.0013284 -0.0414012  0.0000000   0.583074  -9.076513   0.000000
  3.71  0.0013588 -0.0418710  0.0000000   0.589690  -9.076079   0.000000
  3.75  0.0013895 -0.0423408  0.0000000   0.596306  -9.075639   0.000000
  3.79  0.0014205 -0.0428106  0.0000000   0.602921  -9.075195   0.000000
  3.83  0.0014519 -0.0432803  0.0000000   0.609536  -9.074746   0.000000
  3.88  0.0014836 -0.0437500  0.0000000   0.616151  -9.074291   0.000000
  3.92  0.0015157 -0.0442197  0.0000000   0.622765  -9.073832   0.000000
  3.96  0.0015481 -0.0446894  0.0000000   0.629379  -9.073368   0.000000
  4.00  0.0015808 -0.0451590  0.0000000   0.635993  -9.072900   0.000000
  4.04  0.0016139 -0.0456286  0.0000000   0.642606  -9.072426   0.000000
  4.08  0.0016474 -0.0460982  0.0000000   0.649219  -9.071947   0.000000
  4.12  0.0016811 -0.0465678  0.0000000   0.655831  -9.071463   0.000000
  4.17  0.0017153 -0.0470373  0.0000000   0.662443  -9.070975   0.000000
  4.21  0.0017497 -0.0475068  0.0000000   0.669055  -9.070482   0.000000
  4.25  0.0017845 -0.0479763  0.0000000   0.675666  -9.069983   0.000000
  4.29  0.0018197 -0.0484458  0.0000000   0.682277  -9.069480   0.000000
  4.33  0.0018552 -0.0489152  0.0000000   0.688888  -9.068972   0.000000
  4.38  0.0018910 -0.0493846  0.0000000   0.695498  -9.068459   0.000000
  4.42  0.0019272 -0.0498540  0.0000000   0.702108  -9.067941   0.000000
  4.46  0.0019637 -0.0503233  0.0000000   0.708717  -9.067419   0.000000
  4.50  0.0020005 -0.0507927  0.0000000   0.715326  -9.066891   0.000000
  4.54  0.0020377 -0.0512620  0.0000000   0.721935  -9.066358   0.000000
  4.58  0.0020753 -0.0517312  0.0000000   0.728543  -9.065821   0.000000
  4.62  0.0021131 -0.0522005  0.0000000   0.735151  -9.065279   0.000000
  4.67  0.0021514 -0.0526697  0.0000000   0.741758  -9.064731   0.000000
  4.71  0.0021899 -0.0531389  0.0000000   0.748365  -9.064179   0.000000
  4.75  0.0022288 -0.0536081  0.0000000   0.754971  -9.063622   0.000000
  4.79  0.0022681 -0.0540772  0.0000000   0.761577  -9.063060   0.000000
  4.83  0.0023077 -0.0545463  0.0000000   0.768183  -9.062493   0.000000
  4.88  0.0023476 -0.0550154  0.0000000   0.774788  -9.061922   0.000000
  4.92  0.0023879 -0.0554844  0.0000000   0.781393  -9.061345   0.000000
  4.96  0.0024285 -0.0559534  0.0000000   0.787997  -9.060764   0.000000
  5.00  0.0024695 -0.0564224  0.0000000   0.794601  -9.060177   0.000000
  5.04  0.0025108 -0.0568913  0.0000000   0.801205  -9.059586   0.000000
  5.08  0.0025524 -0.0573603  0.0000000   0.807808  -9.058990   0.000000
  5.12  0.0025944 -0.0578292  0.0000000   0.814410  -9.058389   0.000000
  5.17  0.0026367 -0.0582980  0.0000000   0.821012  -9.057783   0.000000
  5.21  0.0026794 -0.0587668  0.0000000   0.827614  -9.057172   0.000000
  5.25  0.0027224 -0.0592356  0.0000000   0.834215  -9.056556   0.000000
  5.29  0.0027657 -0.0597044  0.0000000   0.840815  -9.055936   0.000000
  5.33  0.0028094 -0.0601731  0.0000000   0.847416  -9.055310   0.000000
  5.38  0.0028535 -0.0606418  0.0000000   0.854015  -9.054680   0.000000
  5.42  0.0028978 -0.0611105  0.0000000   0.860614  -9.054044   0.000000
  5.46  0.0029426 -0.0615791  0.0000000   0.867213  -9.053404   0.000000
  5.50  0.0029876 -0.0620477  0.0000000   0.873811  -9.052759   0.000000
  5.54  0.0030330 -0.0625163  0.0000000   0.880409  -9.052109   0.000000
  5.58  0.0030788 -0.0629848  0.0000000   0.887006  -9.051454   0.000000
  5.62  0.0031248 -0.0634533  0.0000000   0.893603  -9.050795   0.000000
  5.67  0.0031713 -0.0639218  0.0000000   0.900199  -9.050130   0.000000
  5.71  0.0032180 -0.0643902  0.0000000   0.906795  -9.049460   0.000000
  5.75  0.0032651 -0.0648586  0.0000000   0.913390  -9.048786   0.000000
  5.79  0.0033126 -0.0653270  0.0000000   0.919985  -9.048107   0.000000
  5.83  0.0033604 -0.0657953  0.0000000   0.926579  -9.047423   0.000000
  5.88  0.0034085 -0.0662636  0.0000000   0.933172  -9.046734   0.000000
  5.92  0.0034570 -0.0667318  0.0000000   0.939766  -9.046040   0.000000
  5.96  0.0035058 -0.0672001  0.0000000   0.946358  -9.045341   0.000000
  6.00  0.0035550 -0.0676682  0.0000000   0.952950  -9.044637   0.000000
  6.04  0.0036045 -0.0681364  0.0000000   0.959542  -9.043928   0.000000
  6.08  0.0036543 -0.0686045  0.0000000   0.966133  -9.043215   0.000000
  6.12  0.0037045 -0.0690726  0.0000000   0.972723  -9.042497   0.000000
  6.17  0.0037550 -0.0695406  0.0000000   0.979313  -9.041773   0.000000
  6.21  0.0038058 -0.0700086  0.0000000   0.985902  -9.041045   0.000000
  6.25  0.0038571 -0.0704765  0.0000000   0.992491  -9.040312   0.000000
  6.29  0.0039086 -0.0709445  0.0000000   0.999079  -9.039574   0.000000
  6.33  0.0039605 -0.0714123  0.0000000   1.005667  -9.038832   0.000000
  6.38  0.0040127 -0.0718802  0.0000000   1.012254  -9.038084   0.000000
  6.42  0.0040653 -0.0723480  0.0000000   1.018840  -9.037332   0.000000
  6.46  0.0041182 -0.0728158  0.0000000   1.025426  -9.036574   0.000000
  6.50  0.0041714 -0.0732835  0.0000000   1.032011  -9.035812   0.000000
  6.54  0.0042250 -0.0737512  0.0000000   1.038596  -9.035045   0.000000
  6.58  0.0042789 -0.0742188  0.0000000   1.045180  -9.034273   0.000000
  6.62  0.0043332 -0.0746864  0.0000000   1.051763  -9.033496   0.000000
  6.67  0.0043878 -0.0751540  0.0000000   1.058346  -9.032714   0.000000
  6.71  0.0044428 -0.0756215  0.0000000   1.064929  -9.031928   0.000000
  6.75  0.0044981 -0.0760890  0.0000000   1.071510  -9.031136   0.000000
  6.79  0.0045537 -0.0765564  0.0000000   1.078092  -9.030340   0.000000
  6.83  0.0046097 -0.0770238  0.0000000   1.084672  -9.029538   0.000000
  6.88  0.0046660 -0.0774912  0.0000000   1.091252  -9.028732   0.000000
  6.92  0.0047226 -0.0779585  0.0000000   1.097831  -9.027921   0.000000
  6.96  0.0047796 -0.0784258  0.0000000   1.104410  -9.027105   0.000000
  7.00  0.0048370 -0.0788930  0.0000000   1.110988  -9.026285   0.000000
  7.04  0.0048947 -0.0793602  0.0000000   1.117565  -9.025459   0.000000
  7.08  0.0049527 -0.0798274  0.0000000   1.124142  -9.024628   0.000000
  7.12  0.0050110 -0.0802945  0.0000000   1.130718  -9.023793   0.000000
  7.17  0.0050697 -0.0807615  0.0000000   1.137294  -9.022953   0.000000
  7.21  0.0051288 -0.0812286  0.0000000   1.143869  -9.022108   0.000000
  7.25  0.0051881 -0.0816955  0.0000000   1.150443  -9.021258   0.000000
  7.29  0.0052479 -0.0821625  0.0000000   1.157016  -9.020403   0.000000
  7.33  0.0053079 -0.0826293  0.0000000   1.163589  -9.019543   0.000000
  7.38  0.0053683 -0.0830962  0.0000000   1.170161  -9.018679   0.000000
  7.42  0.0054291 -0.0835630  0.0000000   1.176733  -9.017809   0.000000
  7.46  0.0054901 -0.0840297  0.0000000   1.183304  -9.016935   0.000000
  7.50  0.0055516 -0.0844964  0.0000000   1.189874  -9.016056   0.000000
  7.54  0.0056133 -0.0849631  0.0000000   1.196444  -9.015172   0.000000
  7.58  0.0056754 -0.0854297  0.0000000   1.203012  -9.014283   0.000000
  7.62  0.0057379 -0.0858963  0.0000000   1.209581  -9.013389   0.000000
  7.67  0.0058006 -0.0863628  0.0000000   1.216148  -9.012490   0.000000
  7.71  0.0058638 -0.0868293  0.0000000   1.222715  -9.011587   0.000000
  7.75  0.0059272 -0.0872957  0.0000000   1.229281  -9.010678   0.000000
  7.79  0.0059910 -0.0877621  0.0000000   1.235846  -9.009765   0.000000
  7.83  0.0060551 -0.0882284  0.0000000   1.242411  -9.008847   0.000000
  7.88  0.0061196 -0.0886947  0.0000000   1.248975  -9.007924   0.000000
  7.92  0.0061844 -0.0891609  0.0000000   1.255538  -9.006996   0.000000
  7.96  0.0062496 -0.0896271  0.0000000   1.262101  -9.006064   0.000000
  8.00  0.0063151 -0.0900933  0.0000000   1.268663  -9.005126   0.000000
  8.04  0.0063809 -0.0905594  0.0000000   1.275224  -9.004184   0.000000
  8.08  0.0064471 -0.0910254  0.0000000   1.281785  -9.003237   0.000000
  8.12  0.0065136 -0.0914914  0.0000000   1.288344  -9.002285   0.000000
  8.17  0.0065805 -0.0919573  0.0000000   1.294903  -9.001328   0.000000
  8.21  0.0066477 -0.0924232  0.0000000   1.301462  -9.000366   0.000000
  8.25  0.0067152 -0.0928891  0.0000000   1.308019  -8.999399   0.000000
  8.29  0.0067831 -0.0933549  0.0000000   1.314576  -8.998428   0.000000
  8.33  0.0068513 -0.0938206  0.0000000   1.321132  -8.997451   0.000000
  8.38  0.0069199 -0.0942863  0.0000000   1.327687  -8.996470   0.000000
  8.42  0.0069888 -0.0947520  0.0000000   1.334242  -8.995484   0.000000
  8.46  0.0070580 -0.0952176  0.0000000   1.340795  -8.994493   0.000000
  8.50  0.0071276 -0.0956831  0.0000000   1.347348  -8.993497   0.000000
  8.54  0.0071975 -0.0961486  0.0000000   1.353901  -8.992497   0.000000
  8.58  0.0072677 -0.0966140  0.0000000   1.360452  -8.991491   0.000000
  8.62  0.0073383 -0.0970794  0.0000000   1.367003  -8.990481   0.000000
  8.67  0.0074092 -0.0975447  0.0000000   1.373553  -8.989466   0.000000
  8.71  0.0074805 -0.0980100  0.0000000   1.380102  -8.988446   0.000000
  8.75  0.0075521 -0.0984753  0.0000000   1.386650  -8.987421   0.000000
  8.79  0.0076240 -0.0989404  0.0000000   1.393198  -8.986391   0.000000
  8.83  0.0076963 -0.0994056  0.0000000   1.399745  -8.985356   0.000000
  8.88  0.0077690 -0.0998706  0.0000000   1.406291  -8.984317   0.000000
  8.92  0.0078419 -0.1003356  0.0000000   1.412836  -8.983273   0.000000
  8.96  0.0079152 -0.1008006  0.0000000   1.419380  -8.982224   0.000000
  9.00  0.0079889 -0.1012655  0.0000000   1.425924  -8.981170   0.000000
  9.04  0.0080628 -0.1017303  0.0000000   1.432467  -8.980111   0.000000
  9.08  0.0081371 -0.1021951  0.0000000   1.439009  -8.979047   0.000000
  9.12  0.0082118 -0.1026599  0.0000000   1.445550  -8.977979   0.000000
  9.17  0.0082868 -0.1031246  0.0000000   1.452090  -8.976905   0.000000
  9.21  0.0083621 -0.1035892  0.0000000   1.458630  -8.975827   0.000000
  9.25  0.0084378 -0.1040538  0.0000000   1.465168  -8.974744   0.000000
  9.29  0.0085138 -0.1045183  0.0000000   1.471706  -8.973656   0.000000
  9.33  0.0085901 -0.1049827  0.0000000   1.478243  -8.972564   0.000000
  9.38  0.0086668 -0.1054471  0.0000000   1.484780  -8.971466   0.000000
  9.42  0.0087439 -0.1059115  0.0000000   1.491315  -8.970364   0.000000
  9.46  0.0088212 -0.1063758  0.0000000   1.497849  -8.969257   0.000000
  9.50  0.0088989 -0.1068400  0.0000000   1.504383  -8.968145   0.000000
  9.54  0.0089770 -0.1073042  0.0000000   1.510916  -8.967028   0.000000
  9.58  0.0090553 -0.1077683  0.0000000   1.517448  -8.965906   0.000000
  9.62  0.0091340 -0.1082324  0.0000000   1.523979  -8.964780   0.000000
  9.67  0.0092131 -0.1086964  0.0000000   1.530509  -8.963648   0.000000
  9.71  0.0092925 -0.1091603  0.0000000   1.537038  -8.962512   0.000000
  9.75  0.0093722 -0.1096242  0.0000000   1.543567  -8.961371   0.000000
  9.79  0.0094523 -0.1100880  0.0000000   1.550095  -8.960225   0.000000
  9.83  0.0095327 -0.1105518  0.0000000   1.556621  -8.959075   0.000000
  9.88  0.0096134 -0.1110155  0.0000000   1.563147  -8.957919   0.000000
  9.92  0.0096945 -0.1114791  0.0000000   1.569672  -8.956759   0.000000
  9.96  0.0097759 -0.1119427  0.0000000   1.576196  -8.955593   0.000000
 10.00  0.0098577 -0.1124062  0.0000000   1.582719  -8.954423   0.000000
 10.04  0.0099398 -0.1128697  0.0000000   1.589242  -8.953249   0.000000
 10.08  0.0100222 -0.1133331  0.0000000   1.595763  -8.952069   0.000000
 10.12  0.0101050 -0.1137964  0.0000000   1.602284  -8.950885   0.000000
 10.17  0.0101881 -0.1142597  0.0000000   1.608803  -8.949695   0.000000
 10.21  0.0102715 -0.1147229  0.0000000   1.615322  -8.948501   0.000000
 10.25  0.0103553 -0.1151861  0.0000000   1.621840  -8.947302   0.000000
 10.29  0.0104394 -0.1156492  0.0000000   1.628357  -8.946098   0.000000
 10.33  0.0105239 -0.1161122  0.0000000   1.634872  -8.944890   0.000000
 10.38  0.0106087 -0.1165752  0.0000000   1.641387  -8.943676   0.000000
 10.42  0.0106938 -0.1170381  0.0000000   1.647901  -8.942458   0.000000
 10.46  0.0107793 -0.1175009  0.0000000   1.654415  -8.941235   0.000000
 10.50  0.0108651 -0.1179637  0.0000000   1.660927  -8.940007   0.000000
 10.54  0.0109512 -0.1184264  0.0000000   1.667438  -8.938775   0.000000
 10.58  0.0110377 -0.1188891  0.0000000   1.673948  -8.937537   0.000000
 10.62  0.0111245 -0.1193516  0.0000000   1.680458  -8.936295   0.000000
 10.67  0.0112116 -0.1198142  0.0000000   1.686966  -8.935048   0.000000
 10.71  0.0112991 -0.1202766  0.0000000   1.693474  -8.933796   0.000000
 10.75  0.0113870 -0.1207390  0.0000000   1.699980  -8.932539   0.000000
 10.79  0.0114751 -0.1212013  0.0000000   1.706486  -8.931277   0.000000
 10.83  0.0115636 -0.1216636  0.0000000   1.712990  -8.930011   0.000000
 10.88  0.0116524 -0.1221258  0.0000000   1.719494  -8.928740   0.000000
 10.92  0.0117416 -0.1225879  0.0000000   1.725996  -8.927464   0.000000
 10.96  0.0118311 -0.1230500  0.0000000   1.732498  -8.926183   0.000000
 11.00  0.0119210 -0.1235120  0.0000000   1.738999  -8.924897   0.000000
 11.04  0.0120112 -0.1239739  0.0000000   1.745498  -8.923607   0.000000
 11.08  0.0121017 -0.1244358  0.0000000   1.751997  -8.922311   0.000000
 11.12  0.0121925 -0.1248976  0.0000000   1.758495  -8.921011   0.000000
 11.17  0.0122837 -0.1253593  0.0000000   1.764991  -8.919707   0.000000
 11.21  0.0123752 -0.1258210  0.0000000   1.771487  -8.918397   0.000000
 11.25  0.0124671 -0.1262826  0.0000000   1.777982  -8.917082   0.000000
 11.29  0.0125593 -0.1267441  0.0000000   1.784476  -8.915763   0.000000
 11.33  0.0126518 -0.1272056  0.0000000   1.790968  -8.914439   0.000000
 11.38  0.0127447 -0.1276669  0.0000000   1.797460  -8.913110   0.000000
 11.42  0.0128379 -0.1281283  0.0000000   1.803951  -8.911776   0.000000
 11.46  0.0129315 -0.1285895  0.0000000   1.810440  -8.910438   0.000000
 11.50  0.0130253 -0.1290507  0.0000000   1.816929  -8.909095   0.000000
 11.54  0.0131196 -0.1295118  0.0000000   1.823416  -8.907747   0.000000
 11.58  0.0132141 -0.1299729  0.0000000   1.829903  -8.906394   0.000000
 11.62  0.0133090 -0.1304338  0.0000000   1.836388  -8.905036   0.000000
 11.67  0.0134042 -0.1308947  0.0000000   1.842873  -8.903674   0.000000
 11.71  0.0134998 -0.1313556  0.0000000   1.849356  -8.902306   0.000000
 11.75  0.0135957 -0.1318163  0.0000000   1.855839  -8.900934   0.000000
 11.79  0.0136919 -0.1322770  0.0000000   1.862320  -8.899557   0.000000
 11.83  0.0137885 -0.1327376  0.0000000   1.868800  -8.898176   0.000000
 11.88  0.0138854 -0.1331982  0.0000000   1.875280  -8.896789   0.000000
 11.92  0.0139826 -0.1336586  0.0000000   1.881758  -8.895398   0.000000
 11.96  0.0140802 -0.1341190  0.0000000   1.888235  -8.894002   0.000000
 12.00  0.0141781 -0.1345794  0.0000000   1.894711  -8.892601   0.000000
 12.04  0.0142763 -0.1350396  0.0000000   1.901186  -8.891196   0.000000
 12.08  0.0143749 -0.1354998  0.0000000   1.907660  -8.889785   0.000000
 12.12  0.0144738 -0.1359599  0.0000000   1.914132  -8.888370   0.000000
 12.17  0.0145730 -0.1364200  0.0000000   1.920604  -8.886950   0.000000
 12.21  0.0146726 -0.1368799  0.0000000   1.927075  -8.885525   0.000000
 12.25  0.0147725 -0.1373398  0.0000000   1.933544  -8.884096   0.000000
 12.29  0.0148728 -0.1377996  0.0000000   1.940013  -8.882661   0.000000
 12.33  0.0149734 -0.1382594  0.0000000   1.946480  -8.881222   0.000000
 12.38  0.0150743 -0.1387190  0.0000000   1.952946  -8.879779   0.000000
 12.42  0.0151755 -0.1391786  0.0000000   1.959411  -8.878330   0.000000
 12.46  0.0152771 -0.1396381  0.0000000   1.965875  -8.876876   0.000000
 12.50  0.0153791 -0.1400976  0.0000000   1.972338  -8.875418   0.000000
 12.54  0.0154813 -0.1405570  0.0000000   1.978800  -8.873955   0.000000
 12.58  0.0155839 -0.1410162  0.0000000   1.985261  -8.872487   0.000000
 12.62  0.0156868 -0.1414755  0.0000000   1.991720  -8.871015   0.000000
 12.67  0.0157901 -0.1419346  0.0000000   1.998179  -8.869538   0.000000
 12.71  0.0158937 -0.1423937  0.0000000   2.004636  -8.868055   0.000000
 12.75  0.0159976 -0.1428526  0.0000000   2.011092  -8.866569   0.000000
 12.79  0.0161019 -0.1433115  0.0000000   2.017547  -8.865077   0.000000
 12.83  0.0162065 -0.1437704  0.0000000   2.024001  -8.863581   0.000000
 12.88  0.0163114 -0.1442291  0.0000000   2.030454  -8.862079   0.000000
 12.92  0.0164167 -0.1446878  0.0000000   2.036905  -8.860573   0.000000
 12.96  0.0165223 -0.1451464  0.0000000   2.043356  -8.859063   0.000000
 13.00  0.0166282 -0.1456049  0.0000000   2.049805  -8.857547   0.000000
 13.04  0.0167345 -0.1460634  0.0000000   2.056253  -8.856027   0.000000
 13.08  0.0168411 -0.1465217  0.0000000   2.062700  -8.854502   0.000000
 13.12  0.0169480 -0.1469800  0.0000000   2.069146  -8.852972   0.000000
 13.17  0.0170553 -0.1474382  0.0000000   2.075591  -8.851438   0.000000
 13.21  0.0171629 -0.1478963  0.0000000   2.082034  -8.849898   0.000000
 13.25  0.0172708 -0.1483544  0.0000000   2.088476  -8.848354   0.000000
 13.29  0.0173791 -0.1488123  0.0000000   2.094917  -8.846805   0.000000
 13.33  0.0174877 -0.1492702  0.0000000   2.101357  -8.845252   0.000000
 13.38  0.0175966 -0.1497280  0.0000000   2.107796  -8.843693   0.000000
 13.42  0.0177059 -0.1501857  0.0000000   2.114233  -8.842130   0.000000
 13.46  0.0178155 -0.1506434  0.0000000   2.120670  -8.840562   0.000000
 13.50  0.0179254 -0.1511009  0.0000000   2.127105  -8.838990   0.000000
 13.54  0.0180357 -0.1515584  0.0000000   2.133539  -8.837412   0.000000
 13.58  0.0181463 -0.1520158  0.0000000   2.139972  -8.835830   0.000000
 13.62  0.0182572 -0.1524731  0.0000000   2.146403  -8.834243   0.000000
 13.67  0.0183685 -0.1529303  0.0000000   2.152833  -8.832652   0.000000
 13.71  0.0184801 -0.1533875  0.0000000   2.159262  -8.831055   0.000000
 13.75  0.0185920 -0.1538446  0.0000000   2.165690  -8.829454   0.000000
 13.79  0.0187043 -0.1543015  0.0000000   2.172117  -8.827848   0.000000
 13.83  0.0188169 -0.1547584  0.0000000   2.178542  -8.826238   0.000000
 13.88  0.0189298 -0.1552153  0.0000000   2.184966  -8.824622   0.000000
 13.92  0.0190431 -0.1556720  0.0000000   2.191389  -8.823002   0.000000
 13.96  0.0191567 -0.1561286  0.0000000   2.197811  -8.821377   0.000000
 14.00  0.0192706 -0.1565852  0.0000000   2.204231  -8.819748   0.000000
 14.04  0.0193849 -0.1570417  0.0000000   2.210651  -8.818113   0.000000
 14.08  0.0194995 -0.1574981  0.0000000   2.217069  -8.816474   0.000000
 14.12  0.0196144 -0.1579544  0.0000000   2.223485  -8.814830   0.000000
 14.17  0.0197296 -0.1584106  0.0000000   2.229901  -8.813182   0.000000
 14.21  0.0198452 -0.1588667  0.0000000   2.236315  -8.811528   0.000000
 14.25  0.0199612 -0.1593228  0.0000000   2.242728  -8.809870   0.000000
 14.29  0.0200774 -0.1597788  0.0000000   2.249139  -8.808207   0.000000
 14.33  0.0201940 -0.1602346  0.0000000   2.255550  -8.806540   0.000000
 14.38  0.0203109 -0.1606904  0.0000000   2.261959  -8.804868   0.000000
 14.42  0.0204282 -0.1611462  0.0000000   2.268367  -8.803191   0.000000
 14.46  0.0205457 -0.1616018  0.0000000   2.274773  -8.801509   0.000000
 14.50  0.0206636 -0.1620573  0.0000000   2.281178  -8.799822   0.000000
 14.54  0.0207819 -0.1625128  0.0000000   2.287582  -8.798131   0.000000
 14.58  0.0209005 -0.1629681  0.0000000   2.293985  -8.796435   0.000000
 14.62  0.0210194 -0.1634234  0.0000000   2.300386  -8.794734   0.000000
 14.67  0.0211386 -0.1638786  0.0000000   2.306786  -8.793029   0.000000
 14.71  0.0212582 -0.1643337  0.0000000   2.313185  -8.791319   0.000000
 14.75  0.0213781 -0.1647887  0.0000000   2.319583  -8.789604   0.000000
 14.79  0.0214983 -0.1652436  0.0000000   2.325979  -8.787885   0.000000
 14.83  0.0216189 -0.1656984  0.0000000   2.332374  -8.786160   0.000000
 14.88  0.0217398 -0.1661531  0.0000000   2.338767  -8.784431   0.000000
 14.92  0.0218610 -0.1666078  0.0000000   2.345159  -8.782697   0.000000
 14.96  0.0219825 -0.1670624  0.0000000   2.351550  -8.780959   0.000000
 15.00  0.0221044 -0.1675168  0.0000000   2.357940  -8.779216   0.000000
 15.04  0.0222266 -0.1679712  0.0000000   2.364328  -8.777468   0.000000
 15.08  0.0223492 -0.1684255  0.0000000   2.370715  -8.775715   0.000000
 15.12  0.0224721 -0.1688797  0.0000000   2.377100  -8.773958   0.000000
 15.17  0.0225953 -0.1693338  0.0000000   2.383484  -8.772196   0.000000
 15.21  0.0227188 -0.1697878  0.0000000   2.389867  -8.770429   0.000000
 15.25  0.0228427 -0.1702417  0.0000000   2.396249  -8.768658   0.000000
 15.29  0.0229669 -0.1706956  0.0000000   2.402629  -8.766881   0.000000
 15.33  0.0230914 -0.1711493  0.0000000   2.409008  -8.765101   0.000000
 15.38  0.0232163 -0.1716030  0.0000000   2.415385  -8.763315   0.000000
 15.42  0.0233414 -0.1720565  0.0000000   2.421761  -8.761525   0.000000
 15.46  0.0234670 -0.1725100  0.0000000   2.428136  -8.759730   0.000000
 15.50  0.0235928 -0.1729633  0.0000000   2.434509  -8.757930   0.000000
 15.54  0.0237190 -0.1734166  0.0000000   2.440881  -8.756125   0.000000
 15.58  0.0238455 -0.1738698  0.0000000   2.447251  -8.754316   0.000000
 15.62  0.0239723 -0.1743229  0.0000000   2.453621  -8.752502   0.000000
 15.67  0.0240995 -0.1747759  0.0000000   2.459988  -8.750684   0.000000
 15.71  0.0242270 -0.1752288  0.0000000   2.466355  -8.748861   0.000000
 15.75  0.0243548 -0.1756816  0.0000000   2.472720  -8.747033   0.000000
 15.79  0.0244830 -0.1761343  0.0000000   2.479083  -8.745200   0.000000
 15.83  0.0246115 -0.1765869  0.0000000   2.485445  -8.743363   0.000000
 15.88  0.0247403 -0.1770394  0.0000000   2.491806  -8.741521   0.000000
 15.92  0.0248694 -0.1774919  0.0000000   2.498166  -8.739674   0.000000
 15.96  0.0249989 -0.1779442  0.0000000   2.504524  -8.737822   0.000000
 16.00  0.0251287 -0.1783964  0.0000000   2.510880  -8.735966   0.000000
 16.04  0.0252588 -0.1788486  0.0000000   2.517235  -8.734105   0.000000
 16.08  0.0253893 -0.1793006  0.0000000   2.523589  -8.732240   0.000000
 16.12  0.0255201 -0.1797525  0.0000000   2.529941  -8.730370   0.000000
 16.17  0.0256512 -0.1802044  0.0000000   2.536292  -8.728495   0.000000
 16.21  0.0257826 -0.1806561  0.0000000   2.542641  -8.726615   0.000000
 16.25  0.0259144 -0.1811078  0.0000000   2.548989  -8.724731   0.000000
 16.29  0.0260465 -0.1815593  0.0000000   2.555336  -8.722842   0.000000
 16.33  0.0261790 -0.1820108  0.0000000   2.561681  -8.720948   0.000000
 16.38  0.0263117 -0.1824622  0.0000000   2.568025  -8.719050   0.000000
 16.42  0.0264448 -0.1829134  0.0000000   2.574367  -8.717147   0.000000
 16.46  0.0265782 -0.1833646  0.0000000   2.580708  -8.715240   0.000000
 16.50  0.0267120 -0.1838156  0.0000000   2.587047  -8.713327   0.000000
 16.54  0.0268460 -0.1842666  0.0000000   2.593385  -8.711410   0.000000
 16.58  0.0269804 -0.1847175  0.0000000   2.599721  -8.709488   0.000000
 16.62  0.0271152 -0.1851682  0.0000000   2.606056  -8.707562   0.000000
 16.67  0.0272502 -0.1856189  0.0000000   2.612389  -8.705631   0.000000
 16.71  0.0273856 -0.1860695  0.0000000   2.618721  -8.703695   0.000000
 16.75  0.0275213 -0.1865199  0.0000000   2.625052  -8.701755   0.000000
 16.79  0.0276574 -0.1869703  0.0000000   2.631381  -8.699810   0.000000
 16.83  0.0277937 -0.1874206  0.0000000   2.637708  -8.697860   0.000000
 16.88  0.0279304 -0.1878707  0.0000000   2.644034  -8.695906   0.000000
 16.92  0.0280674 -0.1883208  0.0000000   2.650359  -8.693947   0.000000
 16.96  0.0282048 -0.1887707  0.0000000   2.656682  -8.691983   0.000000
 17.00  0.0283425 -0.1892206  0.0000000   2.663003  -8.690014   0.000000
 17.04  0.0284805 -0.1896704  0.0000000   2.669323  -8.688041   0.000000
 17.08  0.0286188 -0.1901200  0.0000000   2.675642  -8.686064   0.000000
 17.12  0.0287575 -0.1905696  0.0000000   2.681959  -8.684081   0.000000
 17.17  0.0288965 -0.1910190  0.0000000   2.688274  -8.682094   0.000000
 17.21  0.0290358 -0.1914683  0.0000000   2.694588  -8.680102   0.000000
 17.25  0.0291754 -0.1919176  0.0000000   2.700901  -8.678106   0.000000
 17.29  0.0293154 -0.1923667  0.0000000   2.707212  -8.676105   0.000000
 17.33  0.0294557 -0.1928158  0.0000000   2.713521  -8.674099   0.000000
 17.38  0.0295963 -0.1932647  0.0000000   2.719829  -8.672089   0.000000
 17.42  0.0297372 -0.1937135  0.0000000   2.726135  -8.670074   0.000000
 17.46  0.0298785 -0.1941622  0.0000000   2.732440  -8.668054   0.000000
 17.50  0.0300201 -0.1946109  0.0000000   2.738743  -8.666030   0.000000
 17.54  0.0301620 -0.1950594  0.0000000   2.745045  -8.664001   0.000000
 17.58  0.0303043 -0.1955078  0.0000000   2.751345  -8.661968   0.000000
 17.62  0.0304468 -0.1959561  0.0000000   2.757643  -8.659929   0.000000
 17.67  0.0305897 -0.1964043  0.0000000   2.763940  -8.657887   0.000000
 17.71  0.0307330 -0.1968524  0.0000000   2.770236  -8.655839   0.000000
 17.75  0.0308765 -0.1973004  0.0000000   2.776530  -8.653787   0.000000
 17.79  0.0310204 -0.1977482  0.0000000   2.782822  -8.651730   0.000000
 17.83  0.0311646 -0.1981960  0.0000000   2.789113  -8.649669   0.000000
 17.88  0.0313091 -0.1986437  0.0000000   2.795402  -8.647603   0.000000
 17.92  0.0314540 -0.1990912  0.0000000   2.801690  -8.645532   0.000000
 17.96  0.0315992 -0.1995387  0.0000000   2.807976  -8.643457   0.000000
 18.00  0.0317447 -0.1999860  0.0000000   2.814260  -8.641377   0.000000
 18.04  0.0318905 -0.2004333  0.0000000   2.820543  -8.639292   0.000000
 18.08  0.0320367 -0.2008804  0.0000000   2.826824  -8.637203   0.000000
 18.12  0.0321832 -0.2013274  0.0000000   2.833104  -8.635109   0.000000
 18.17  0.0323300 -0.2017743  0.0000000   2.839382  -8.633010   0.000000
 18.21  0.0324771 -0.2022211  0.0000000   2.845658  -8.630907   0.000000
 18.25  0.0326246 -0.2026678  0.0000000   2.851933  -8.628799   0.000000
 18.29  0.0327723 -0.2031144  0.0000000   2.858207  -8.626687   0.000000
 18.33  0.0329204 -0.2035609  0.0000000   2.864478  -8.624570   0.000000
 18.38  0.0330689 -0.2040072  0.0000000   2.870748  -8.622448   0.000000
 18.42  0.0332176 -0.2044535  0.0000000   2.877017  -8.620322   0.000000
 18.46  0.0333667 -0.2048996  0.0000000   2.883283  -8.618191   0.000000
 18.50  0.0335161 -0.2053457  0.0000000   2.889548  -8.616056   0.000000
 18.54  0.0336659 -0.2057916  0.0000000   2.895812  -8.613916   0.000000
 18.58  0.0338159 -0.2062374  0.0000000   2.902074  -8.611771   0.000000
 18.62  0.0339663 -0.2066831  0.0000000   2.908334  -8.609621   0.000000
 18.67  0.0341170 -0.2071287  0.0000000   2.914593  -8.607468   0.000000
 18.71  0.0342680 -0.2075742  0.0000000   2.920850  -8.605309   0.000000
 18.75  0.0344194 -0.2080195  0.0000000   2.927105  -8.603146   0.000000
 18.79  0.0345710 -0.2084648  0.0000000   2.933359  -8.600978   0.000000
 18.83  0.0347230 -0.2089099  0.0000000   2.939611  -8.598806   0.000000
 18.88  0.0348753 -0.2093550  0.0000000   2.945861  -8.596629   0.000000
 18.92  0.0350280 -0.2097999  0.0000000   2.952110  -8.594447   0.000000
 18.96  0.0351810 -0.2102447  0.0000000   2.958357  -8.592261   0.000000
 19.00  0.0353342 -0.2106894  0.0000000   2.964602  -8.590070   0.000000
 19.04  0.0354879 -0.2111339  0.0000000   2.970846  -8.587874   0.000000
 19.08  0.0356418 -0.2115784  0.0000000   2.977088  -8.585674   0.000000
 19.12  0.0357961 -0.2120228  0.0000000   2.983328  -8.583470   0.000000
 19.17  0.0359506 -0.2124670  0.0000000   2.989567  -8.581261   0.000000
 19.21  0.0361055 -0.2129111  0.0000000   2.995804  -8.579047   0.000000
 19.25  0.0362608 -0.2133551  0.0000000   3.002039  -8.576828   0.000000
 19.29  0.0364163 -0.2137990  0.0000000   3.008272  -8.574605   0.000000
 19.33  0.0365722 -0.2142428  0.0000000   3.014504  -8.572378   0.000000
 19.38  0.0367284 -0.2146864  0.0000000   3.020734  -8.570145   0.000000
 19.42  0.0368849 -0.2151300  0.0000000   3.026963  -8.567909   0.000000
 19.46  0.0370417 -0.2155734  0.0000000   3.033190  -8.565667   0.000000
 19.50  0.0371989 -0.2160167  0.0000000   3.039415  -8.563421   0.000000
 19.54  0.0373564 -0.2164599  0.0000000   3.045638  -8.561171   0.000000
 19.58  0.0375142 -0.2169030  0.0000000   3.051860  -8.558916   0.000000
 19.62  0.0376723 -0.2173460  0.0000000   3.058079  -8.556656   0.000000
 19.67  0.0378308 -0.2177888  0.0000000   3.064298  -8.554392   0.000000
 19.71  0.0379896 -0.2182315  0.0000000   3.070514  -8.552123   0.000000
 19.75  0.0381487 -0.2186741  0.0000000   3.076729  -8.549849   0.000000
 19.79  0.0383081 -0.2191166  0.0000000   3.082942  -8.547571   0.000000
 19.83  0.0384678 -0.2195590  0.0000000   3.089153  -8.545289   0.000000
 19.88  0.0386279 -0.2200013  0.0000000   3.095362  -8.543002   0.000000
 19.92  0.0387882 -0.2204434  0.0000000   3.101570  -8.540710   0.000000
 19.96  0.0389489 -0.2208854  0.0000000   3.107776  -8.538413   0.000000
 20.00  0.0391100 -0.2213273  0.0000000   3.113980  -8.536113   0.000000
 20.04  0.0392713 -0.2217691  0.0000000   3.120183  -8.533807   0.000000
 20.08  0.0394330 -0.2222108  0.0000000   3.126384  -8.531497   0.000000
 20.12  0.0395950 -0.2226523  0.0000000   3.132583  -8.529182   0.000000
 20.17  0.0397573 -0.2230937  0.0000000   3.138780  -8.526863   0.000000
 20.21  0.0399199 -0.2235350  0.0000000   3.144975  -8.524540   0.000000
 20.25  0.0400829 -0.2239762  0.0000000   3.151169  -8.522211   0.000000
 20.29  0.0402461 -0.2244173  0.0000000   3.157361  -8.519878   0.000000
 20.33  0.0404097 -0.2248582  0.0000000   3.163551  -8.517541   0.000000
 20.38  0.0405736 -0.2252990  0.0000000   3.169739  -8.515199   0.000000
 20.42  0.0407378 -0.2257397  0.0000000   3.175926  -8.512853   0.000000
 20.46  0.0409024 -0.2261803  0.0000000   3.182110  -8.510501   0.000000
 20.50  0.0410673 -0.2266208  0.0000000   3.188293  -8.508146   0.000000
 20.54  0.0412325 -0.2270611  0.0000000   3.194475  -8.505786   0.000000
 20.58  0.0413980 -0.2275013  0.0000000   3.200654  -8.503421   0.000000
 20.62  0.0415638 -0.2279414  0.0000000   3.206831  -8.501052   0.000000
 20.67  0.0417300 -0.2283814  0.0000000   3.213007  -8.498678   0.000000
 20.71  0.0418964 -0.2288212  0.0000000   3.219181  -8.496299   0.000000
 20.75  0.0420632 -0.2292609  0.0000000   3.225353  -8.493917   0.000000
 20.79  0.0422303 -0.2297005  0.0000000   3.231523  -8.491529   0.000000
 20.83  0.0423977 -0.2301400  0.0000000   3.237692  -8.489137   0.000000
 20.88  0.0425655 -0.2305793  0.0000000   3.243859  -8.486741   0.000000
 20.92  0.0427336 -0.2310185  0.0000000   3.250023  -8.484340   0.000000
 20.96  0.0429019 -0.2314576  0.0000000   3.256186  -8.481934   0.000000
 21.00  0.0430706 -0.2318966  0.0000000   3.262348  -8.479524   0.000000
 21.04  0.0432397 -0.2323355  0.0000000   3.268507  -8.477109   0.000000
 21.08  0.0434090 -0.2327742  0.0000000   3.274664  -8.474690   0.000000
 21.12  0.0435787 -0.2332128  0.0000000   3.280820  -8.472266   0.000000
 21.17  0.0437486 -0.2336513  0.0000000   3.286974  -8.469838   0.000000
 21.21  0.0439189 -0.2340896  0.0000000   3.293126  -8.467405   0.000000
 21.25  0.0440896 -0.2345278  0.0000000   3.299276  -8.464968   0.000000
 21.29  0.0442605 -0.2349659  0.0000000   3.305424  -8.462526   0.000000
 21.33  0.0444317 -0.2354039  0.0000000   3.311570  -8.460079   0.000000
 21.38  0.0446033 -0.2358417  0.0000000   3.317715  -8.457629   0.000000
 21.42  0.0447752 -0.2362795  0.0000000   3.323857  -8.455173   0.000000
 21.46  0.0449474 -0.2367170  0.0000000   3.329998  -8.452713   0.000000
 21.50  0.0451199 -0.2371545  0.0000000   3.336137  -8.450249   0.000000
 21.54  0.0452928 -0.2375918  0.0000000   3.342274  -8.447780   0.000000
 21.58  0.0454659 -0.2380290  0.0000000   3.348409  -8.445306   0.000000
 21.62  0.0456394 -0.2384661  0.0000000   3.354542  -8.442828   0.000000
 21.67  0.0458132 -0.2389031  0.0000000   3.360674  -8.440346   0.000000
 21.71  0.0459873 -0.2393399  0.0000000   3.366803  -8.437859   0.000000
 21.75  0.0461618 -0.2397766  0.0000000   3.372931  -8.435367   0.000000
 21.79  0.0463365 -0.2402131  0.0000000   3.379056  -8.432871   0.000000
 21.83  0.0465116 -0.2406496  0.0000000   3.385180  -8.430371   0.000000
 21.88  0.0466869 -0.2410859  0.0000000   3.391302  -8.427866   0.000000
 21.92  0.0468626 -0.2415220  0.0000000   3.397422  -8.425356   0.000000
 21.96  0.0470386 -0.2419581  0.0000000   3.403540  -8.422842   0.000000
 22.00  0.0472150 -0.2423940  0.0000000   3.409656  -8.420323   0.000000
 22.04  0.0473916 -0.2428298  0.0000000   3.415770  -8.417800   0.000000
 22.08  0.0475686 -0.2432654  0.0000000   3.421882  -8.415273   0.000000
 22.12  0.0477459 -0.2437009  0.0000000   3.427993  -8.412741   0.000000
 22.17  0.0479235 -0.2441363  0.0000000   3.434101  -8.410204   0.000000
 22.21  0.0481014 -0.2445716  0.0000000   3.440207  -8.407663   0.000000
 22.25  0.0482796 -0.2450067  0.0000000   3.446312  -8.405118   0.000000
 22.29  0.0484581 -0.2454417  0.0000000   3.452414  -8.402568   0.000000
 22.33  0.0486370 -0.2458766  0.0000000   3.458515  -8.400013   0.000000
 22.38  0.0488162 -0.2463113  0.0000000   3.464614  -8.397454   0.000000
 22.42  0.0489957 -0.2467459  0.0000000   3.470711  -8.394891   0.000000
 22.46  0.0491755 -0.2471804  0.0000000   3.476805  -8.392323   0.000000
 22.50  0.0493556 -0.2476147  0.0000000   3.482898  -8.389750   0.000000
 22.54  0.0495360 -0.2480489  0.0000000   3.488989  -8.387174   0.000000
 22.58  0.0497168 -0.2484830  0.0000000   3.495078  -8.384592   0.000000
 22.62  0.0498979 -0.2489169  0.0000000   3.501165  -8.382006   0.000000
 22.67  0.0500792 -0.2493507  0.0000000   3.507250  -8.379416   0.000000
 22.71  0.0502609 -0.2497843  0.0000000   3.513333  -8.376821   0.000000
 22.75  0.0504429 -0.2502179  0.0000000   3.519414  -8.374222   0.000000
 22.79  0.0506253 -0.2506513  0.0000000   3.525493  -8.371618   0.000000
 22.83  0.0508079 -0.2510845  0.0000000   3.531570  -8.369010   0.000000
 22.88  0.0509909 -0.2515176  0.0000000   3.537645  -8.366397   0.000000
 22.92  0.0511741 -0.2519506  0.0000000   3.543718  -8.363780   0.000000
 22.96  0.0513577 -0.2523835  0.0000000   3.549789  -8.361159   0.000000
 23.00  0.0515416 -0.2528162  0.0000000   3.555858  -8.358533   0.000000
 23.04  0.0517258 -0.2532488  0.0000000   3.561925  -8.355902   0.000000
 23.08  0.0519104 -0.2536812  0.0000000   3.567990  -8.353267   0.000000
 23.12  0.0520952 -0.2541135  0.0000000   3.574053  -8.350628   0.000000
 23.17  0.0522804 -0.2545457  0.0000000   3.580114  -8.347984   0.000000
 23.21  0.0524658 -0.2549777  0.0000000   3.586173  -8.345335   0.000000
 23.25  0.0526516 -0.2554096  0.0000000   3.592230  -8.342683   0.000000
 23.29  0.0528377 -0.2558414  0.0000000   3.598285  -8.340025   0.000000
 23.33  0.0530241 -0.2562730  0.0000000   3.604338  -8.337364   0.000000
 23.38  0.0532108 -0.2567045  0.0000000   3.610389  -8.334697   0.000000
 23.42  0.0533979 -0.2571359  0.0000000   3.616438  -8.332027   0.000000
 23.46  0.0535852 -0.2575671  0.0000000   3.622485  -8.329352   0.000000
 23.50  0.0537729 -0.2579981  0.0000000   3.628530  -8.326672   0.000000
 23.54  0.0539609 -0.2584291  0.0000000   3.634573  -8.323988   0.000000
 23.58  0.0541491 -0.2588599  0.0000000   3.640613  -8.321300   0.000000
 23.62  0.0543377 -0.2592905  0.0000000   3.646652  -8.318607   0.000000
 23.67  0.0545267 -0.2597210  0.0000000   3.652689  -8.315910   0.000000
 23.71  0.0547159 -0.2601514  0.0000000   3.658723  -8.313208   0.000000
 23.75  0.0549054 -0.2605816  0.0000000   3.664756  -8.310502   0.000000
 23.79  0.0550953 -0.2610117  0.0000000   3.670786  -8.307792   0.000000
 23.83  0.0552854 -0.2614417  0.0000000   3.676815  -8.305077   0.000000
 23.88  0.0554759 -0.2618715  0.0000000   3.682841  -8.302357   0.000000
 23.92  0.0556667 -0.2623011  0.0000000   3.688865  -8.299634   0.000000
 23.96  0.0558578 -0.2627307  0.0000000   3.694888  -8.296905   0.000000
 24.00  0.0560492 -0.2631601  0.0000000   3.700908  -8.294173   0.000000
 24.04  0.0562409 -0.2635893  0.0000000   3.706926  -8.291436   0.000000
 24.08  0.0564329 -0.2640184  0.0000000   3.712942  -8.288694   0.000000
 24.12  0.0566253 -0.2644474  0.0000000   3.718956  -8.285948   0.000000
 24.17  0.0568179 -0.2648762  0.0000000   3.724967  -8.283198   0.000000
 24.21  0.0570109 -0.2653049  0.0000000   3.730977  -8.280443   0.000000
 24.25  0.0572042 -0.2657334  0.0000000   3.736985  -8.277684   0.000000
 24.29  0.0573978 -0.2661618  0.0000000   3.742990  -8.274921   0.000000
 24.33  0.0575917 -0.2665901  0.0000000   3.748994  -8.272153   0.000000
 24.38  0.0577859 -0.2670182  0.0000000   3.754995  -8.269380   0.000000
 24.42  0.0579804 -0.2674461  0.0000000   3.760994  -8.266603   0.000000
 24.46  0.0581752 -0.2678739  0.0000000   3.766991  -8.263822   0.000000
 24.50  0.0583704 -0.2683016  0.0000000   3.772986  -8.261037   0.000000
 24.54  0.0585658 -0.2687291  0.0000000   3.778979  -8.258247   0.000000
 24.58  0.0587616 -0.2691565  0.0000000   3.784969  -8.255452   0.000000
 24.62  0.0589576 -0.2695838  0.0000000   3.790958  -8.252654   0.000000
 24.67  0.0591540 -0.2700109  0.0000000   3.796944  -8.249850   0.000000
 24.71  0.0593507 -0.2704378  0.0000000   3.802929  -8.247043   0.000000
 24.75  0.0595477 -0.2708646  0.0000000   3.808911  -8.244231   0.000000
 24.79  0.0597450 -0.2712913  0.0000000   3.814891  -8.241414   0.000000
 24.83  0.0599426 -0.2717178  0.0000000   3.820869  -8.238594   0.000000
 24.88  0.0601406 -0.2721442  0.0000000   3.826844  -8.235769   0.000000
 24.92  0.0603388 -0.2725704  0.0000000   3.832818  -8.232939   0.000000
 24.96  0.0605373 -0.2729965  0.0000000   3.838789  -8.230105   0.000000
 25.00  0.0607362 -0.2734224  0.0000000   3.844759  -8.227267   0.000000
 25.04  0.0609354 -0.2738482  0.0000000   3.850726  -8.224424   0.000000
 25.08  0.0611348 -0.2742738  0.0000000   3.856691  -8.221577   0.000000
 25.12  0.0613346 -0.2746993  0.0000000   3.862653  -8.218726   0.000000
 25.17  0.0615347 -0.2751246  0.0000000   3.868614  -8.215870   0.000000
 25.21  0.0617351 -0.2755498  0.0000000   3.874572  -8.213010   0.000000
 25.25  0.0619358 -0.2759749  0.0000000   3.880529  -8.210145   0.000000
 25.29  0.0621368 -0.2763997  0.0000000   3.886483  -8.207276   0.000000
 25.33  0.0623382 -0.2768245  0.0000000   3.892435  -8.204403   0.000000
 25.38  0.0625398 -0.2772491  0.0000000   3.898384  -8.201526   0.000000
 25.42  0.0627417 -0.2776735  0.0000000   3.904332  -8.198644   0.000000
 25.46  0.0629440 -0.2780978  0.0000000   3.910277  -8.195757   0.000000
 25.50  0.0631465 -0.2785220  0.0000000   3.916220  -8.192867   0.000000
 25.54  0.0633494 -0.2789460  0.0000000   3.922161  -8.189971   0.000000
 25.58  0.0635526 -0.2793698  0.0000000   3.928100  -8.187072   0.000000
 25.62  0.0637560 -0.2797935  0.0000000   3.934036  -8.184168   0.000000
 25.67  0.0639598 -0.2802171  0.0000000   3.939971  -8.181260   0.000000
 25.71  0.0641639 -0.2806405  0.0000000   3.945903  -8.178348   0.000000
 25.75  0.0643683 -0.2810637  0.0000000   3.951833  -8.175431   0.000000
 25.79  0.0645730 -0.2814868  0.0000000   3.957760  -8.172510   0.000000
 25.83  0.0647780 -0.2819098  0.0000000   3.963686  -8.169584   0.000000
 25.88  0.0649833 -0.2823326  0.0000000   3.969609  -8.166654   0.000000
 25.92  0.0651890 -0.2827552  0.0000000   3.975530  -8.163720   0.000000
 25.96  0.0653949 -0.2831777  0.0000000   3.981448  -8.160781   0.000000
 26.00  0.0656011 -0.2836000  0.0000000   3.987365  -8.157838   0.000000
 26.04  0.0658077 -0.2840222  0.0000000   3.993279  -8.154891   0.000000
 26.08  0.0660145 -0.2844442  0.0000000   3.999191  -8.151940   0.000000
 26.12  0.0662217 -0.2848661  0.0000000   4.005101  -8.148984   0.000000
 26.17  0.0664292 -0.2852878  0.0000000   4.011009  -8.146024   0.000000
 26.21  0.0666369 -0.2857094  0.0000000   4.016914  -8.143059   0.000000
 26.25  0.0668450 -0.2861308  0.0000000   4.022817  -8.140090   0.000000
 26.29  0.0670534 -0.2865521  0.0000000   4.028718  -8.137117   0.000000
 26.33  0.0672621 -0.2869732  0.0000000   4.034616  -8.134139   0.000000
 26.38  0.0674710 -0.2873942  0.0000000   4.040512  -8.131157   0.000000
 26.42  0.0676803 -0.2878150  0.0000000   4.046406  -8.128171   0.000000
 26.46  0.0678899 -0.2882356  0.0000000   4.052298  -8.125181   0.000000
 26.50  0.0680998 -0.2886561  0.0000000   4.058187  -8.122186   0.000000
 26.54  0.0683101 -0.2890764  0.0000000   4.064074  -8.119187   0.000000
 26.58  0.0685206 -0.2894966  0.0000000   4.069959  -8.116183   0.000000
 26.62  0.0687314 -0.2899167  0.0000000   4.075842  -8.113176   0.000000
 26.67  0.0689425 -0.2903365  0.0000000   4.081722  -8.110163   0.000000
 26.71  0.0691539 -0.2907562  0.0000000   4.087600  -8.107147   0.000000
 26.75  0.0693657 -0.2911758  0.0000000   4.093476  -8.104126   0.000000
 26.79  0.0695777 -0.2915952  0.0000000   4.099349  -8.101101   0.000000
 26.83  0.0697900 -0.2920144  0.0000000   4.105220  -8.098072   0.000000
 26.88  0.0700027 -0.2924335  0.0000000   4.111089  -8.095038   0.000000
 26.92  0.0702156 -0.2928525  0.0000000   4.116956  -8.092001   0.000000
 26.96  0.0704289 -0.2932712  0.0000000   4.122820  -8.088958   0.000000
 27.00  0.0706424 -0.2936899  0.0000000   4.128682  -8.085912   0.000000
 27.04  0.0708563 -0.2941083  0.0000000   4.134541  -8.082861   0.000000
 27.08  0.0710705 -0.2945266  0.0000000   4.140398  -8.079806   0.000000
 27.12  0.0712849 -0.2949448  0.0000000   4.146253  -8.076747   0.000000
 27.17  0.0714997 -0.2953627  0.0000000   4.152106  -8.073683   0.000000
 27.21  0.0717148 -0.2957806  0.0000000   4.157956  -8.070615   0.000000
 27.25  0.0719301 -0.2961982  0.0000000   4.163804  -8.067543   0.000000
 27.29  0.0721458 -0.2966157  0.0000000   4.169650  -8.064466   0.000000
 27.33  0.0723618 -0.2970331  0.0000000   4.175493  -8.061385   0.000000
 27.38  0.0725781 -0.2974503  0.0000000   4.181334  -8.058300   0.000000
 27.42  0.0727947 -0.2978673  0.0000000   4.187172  -8.055211   0.000000
 27.46  0.0730115 -0.2982842  0.0000000   4.193008  -8.052117   0.000000
 27.50  0.0732287 -0.2987009  0.0000000   4.198842  -8.049020   0.000000
 27.54  0.0734462 -0.2991174  0.0000000   4.204674  -8.045917   0.000000
 27.58  0.0736640 -0.2995338  0.0000000   4.210503  -8.042811   0.000000
 27.62  0.0738821 -0.2999500  0.0000000   4.216330  -8.039700   0.000000
 27.67  0.0741005 -0.3003661  0.0000000   4.222154  -8.036585   0.000000
 27.71  0.0743192 -0.3007820  0.0000000   4.227976  -8.033466   0.000000
 27.75  0.0745382 -0.3011978  0.0000000   4.233796  -8.030343   0.000000
 27.79  0.0747575 -0.3016133  0.0000000   4.239613  -8.027215   0.000000
 27.83  0.0749771 -0.3020287  0.0000000   4.245428  -8.024083   0.000000
 27.88  0.0751970 -0.3024440  0.0000000   4.251241  -8.020946   0.000000
 27.92  0.0754172 -0.3028591  0.0000000   4.257051  -8.017806   0.000000
 27.96  0.0756377 -0.3032740  0.0000000   4.262859  -8.014661   0.000000
 28.00  0.0758585 -0.3036888  0.0000000   4.268664  -8.011512   0.000000
 28.04  0.0760796 -0.3041034  0.0000000   4.274467  -8.008359   0.000000
 28.08  0.0763010 -0.3045178  0.0000000   4.280268  -8.005201   0.000000
 28.12  0.0765227 -0.3049321  0.0000000   4.286066  -8.002040   0.000000
 28.17  0.0767447 -0.3053462  0.0000000   4.291861  -7.998874   0.000000
 28.21  0.0769670 -0.3057602  0.0000000   4.297655  -7.995703   0.000000
 28.25  0.0771896 -0.3061740  0.0000000   4.303446  -7.992529   0.000000
 28.29  0.0774125 -0.3065876  0.0000000   4.309234  -7.989350   0.000000
 28.33  0.0776357 -0.3070011  0.0000000   4.315021  -7.986167   0.000000
 28.38  0.0778592 -0.3074143  0.0000000   4.320804  -7.982980   0.000000
 28.42  0.0780830 -0.3078275  0.0000000   4.326586  -7.979789   0.000000
 28.46  0.0783071 -0.3082404  0.0000000   4.332364  -7.976593   0.000000
 28.50  0.0785315 -0.3086532  0.0000000   4.338141  -7.973393   0.000000
 28.54  0.0787562 -0.3090659  0.0000000   4.343915  -7.970189   0.000000
 28.58  0.0789812 -0.3094783  0.0000000   4.349686  -7.966981   0.000000
 28.62  0.0792065 -0.3098906  0.0000000   4.355456  -7.963768   0.000000
 28.67  0.0794321 -0.3103028  0.0000000   4.361222  -7.960551   0.000000
 28.71  0.0796580 -0.3107147  0.0000000   4.366987  -7.957330   0.000000
 28.75  0.0798842 -0.3111265  0.0000000   4.372748  -7.954105   0.000000
 28.79  0.0801106 -0.3115381  0.0000000   4.378508  -7.950876   0.000000
 28.83  0.0803374 -0.3119496  0.0000000   4.384265  -7.947642   0.000000
 28.88  0.0805645 -0.3123609  0.0000000   4.390019  -7.944404   0.000000
 28.92  0.0807919 -0.3127720  0.0000000   4.395771  -7.941162   0.000000
 28.96  0.0810196 -0.3131830  0.0000000   4.401521  -7.937916   0.000000
 29.00  0.0812476 -0.3135938  0.0000000   4.407268  -7.934666   0.000000
 29.04  0.0814758 -0.3140044  0.0000000   4.413012  -7.931411   0.000000
 29.08  0.0817044 -0.3144149  0.0000000   4.418754  -7.928152   0.000000
 29.12  0.0819333 -0.3148252  0.0000000   4.424494  -7.924889   0.000000
 29.17  0.0821624 -0.3152353  0.0000000   4.430231  -7.921622   0.000000
 29.21  0.0823919 -0.3156452  0.0000000   4.435966  -7.918350   0.000000
 29.25  0.0826217 -0.3160550  0.0000000   4.441698  -7.915075   0.000000
 29.29  0.0828517 -0.3164646  0.0000000   4.447428  -7.911795   0.000000
 29.33  0.0830821 -0.3168741  0.0000000   4.453155  -7.908511   0.000000
 29.38  0.0833127 -0.3172833  0.0000000   4.458880  -7.905223   0.000000
